>TGCCATGGCAAC	22-TGCCATGGCAAC	9.904787	-192.187523	0	T:628.0(0.96%),B:256.1(0.40%),P:1e-83
0.076	0.111	0.027	0.786
0.129	0.067	0.703	0.101
0.043	0.832	0.001	0.124
0.001	0.899	0.004	0.096
0.778	0.120	0.034	0.068
0.061	0.012	0.066	0.861
0.138	0.001	0.858	0.003
0.027	0.019	0.950	0.004
0.119	0.718	0.080	0.083
0.913	0.032	0.052	0.003
0.808	0.001	0.098	0.093
0.024	0.809	0.046	0.121
