>ACATTGCGTAAT	14-ACATTGCGTAAT	6.984645	-570.089603	0	T:4492.0(6.88%),B:2608.6(4.04%),P:1e-247
0.781	0.063	0.082	0.074
0.126	0.710	0.088	0.076
0.820	0.052	0.026	0.102
0.065	0.076	0.072	0.787
0.048	0.016	0.049	0.887
0.091	0.051	0.755	0.103
0.146	0.587	0.121	0.146
0.130	0.175	0.538	0.157
0.110	0.087	0.063	0.740
0.812	0.072	0.044	0.072
0.852	0.041	0.050	0.057
0.099	0.080	0.091	0.730
