>WGGGGAAGYCCC	23-WGGGGAAGYCCC	7.991601	-176.929271	0	T:2957.0(4.53%),B:2049.5(3.17%),P:1e-76
0.361	0.157	0.161	0.321
0.095	0.001	0.827	0.077
0.014	0.001	0.984	0.001
0.031	0.001	0.967	0.001
0.366	0.061	0.572	0.001
0.513	0.285	0.201	0.001
0.550	0.127	0.118	0.205
0.162	0.117	0.459	0.263
0.023	0.489	0.088	0.400
0.001	0.911	0.001	0.087
0.040	0.920	0.001	0.039
0.119	0.820	0.001	0.060
