>CTGTTGCCACAT	19-CTGTTGCCACAT	7.612175	-290.364260	0	T:2776.0(4.25%),B:1694.4(2.62%),P:1e-126
0.084	0.749	0.067	0.100
0.111	0.037	0.044	0.808
0.046	0.101	0.746	0.107
0.085	0.161	0.085	0.669
0.080	0.047	0.089	0.784
0.078	0.091	0.695	0.136
0.087	0.738	0.066	0.109
0.063	0.832	0.029	0.076
0.791	0.081	0.040	0.088
0.090	0.744	0.103	0.063
0.749	0.095	0.048	0.108
0.097	0.079	0.129	0.695
