>GGCAGGCTGCCA	24-GGCAGGCTGCCA	8.289809	-131.415472	0	T:2562.0(3.92%),B:1826.1(2.83%),P:1e-57
0.100	0.041	0.816	0.043
0.051	0.071	0.840	0.038
0.051	0.810	0.133	0.006
0.565	0.022	0.058	0.355
0.032	0.040	0.872	0.056
0.014	0.280	0.673	0.033
0.065	0.772	0.137	0.026
0.339	0.045	0.046	0.570
0.009	0.058	0.878	0.055
0.032	0.794	0.121	0.053
0.059	0.875	0.049	0.017
0.720	0.053	0.026	0.201
