>NTGATGACTAAT	15-NTGATGACTAAT	7.911281	-450.057445	0	T:2604.0(3.99%),B:1361.0(2.11%),P:1e-195
0.258	0.309	0.224	0.208
0.203	0.001	0.115	0.681
0.099	0.115	0.623	0.163
0.499	0.257	0.158	0.085
0.015	0.001	0.001	0.983
0.006	0.001	0.934	0.059
0.969	0.006	0.002	0.023
0.052	0.447	0.281	0.220
0.014	0.007	0.001	0.978
0.745	0.001	0.173	0.081
0.767	0.034	0.115	0.084
0.204	0.135	0.133	0.528
