>GGAAGTGACTSA	6-GGAAGTGACTSA	7.374449	-1242.096856	0	T:7737.0(11.84%),B:4218.9(6.53%),P:1e-539
0.200	0.001	0.737	0.062
0.109	0.081	0.809	0.001
0.781	0.158	0.060	0.001
0.888	0.001	0.094	0.017
0.232	0.101	0.666	0.001
0.102	0.001	0.116	0.781
0.078	0.109	0.728	0.085
0.749	0.045	0.141	0.065
0.055	0.711	0.161	0.073
0.304	0.044	0.015	0.637
0.091	0.466	0.322	0.121
0.629	0.094	0.059	0.218
