>TTACGAAACCAC	17-TTACGAAACCAC	8.121798	-338.848140	0	T:1393.0(2.13%),B:633.3(0.98%),P:1e-147
0.064	0.098	0.048	0.790
0.082	0.081	0.093	0.744
0.682	0.119	0.091	0.108
0.179	0.527	0.175	0.119
0.174	0.120	0.596	0.110
0.787	0.076	0.068	0.069
0.873	0.060	0.033	0.034
0.852	0.053	0.055	0.040
0.119	0.728	0.076	0.077
0.068	0.854	0.028	0.050
0.831	0.061	0.036	0.072
0.100	0.735	0.086	0.079
