>NACAGCTGTTTN	16-NACAGCTGTTTN,BestGuess:Myf5(bHLH)/GM-Myf5-ChIP-Seq(GSE24852)/Homer(0.907)	6.161312	-403.655546	0	T:8139.0(12.46%),B:5891.5(9.12%),P:1e-175
0.264	0.261	0.242	0.233
0.470	0.147	0.207	0.176
0.183	0.587	0.168	0.062
0.706	0.002	0.005	0.287
0.120	0.028	0.658	0.194
0.157	0.687	0.023	0.133
0.236	0.003	0.002	0.759
0.033	0.171	0.580	0.216
0.112	0.211	0.114	0.563
0.080	0.196	0.192	0.532
0.161	0.156	0.179	0.504
0.221	0.245	0.241	0.293
