>NAAACAGCTGTN	16-NACAGCTGTTTN	6.161312	-403.655546	0	T:8139.0(12.46%),B:5891.5(9.12%),P:1e-175
0.293	0.241	0.245	0.221
0.504	0.179	0.156	0.161
0.532	0.192	0.196	0.080
0.563	0.114	0.211	0.112
0.216	0.580	0.171	0.033
0.759	0.002	0.003	0.236
0.133	0.023	0.687	0.157
0.194	0.658	0.028	0.120
0.287	0.005	0.002	0.706
0.062	0.168	0.587	0.183
0.176	0.207	0.147	0.470
0.233	0.242	0.261	0.264
