>ATGCTTAGTCAT	10-ATGCTTAGTCAT	8.424864	-998.582397	0	T:2681.0(4.10%),B:984.4(1.52%),P:1e-433
0.433	0.204	0.114	0.249
0.089	0.001	0.064	0.846
0.023	0.073	0.826	0.078
0.072	0.866	0.011	0.051
0.184	0.048	0.001	0.767
0.149	0.100	0.247	0.504
0.672	0.001	0.063	0.264
0.036	0.176	0.715	0.073
0.017	0.002	0.001	0.980
0.070	0.894	0.020	0.016
0.970	0.013	0.001	0.016
0.057	0.137	0.042	0.764
