>AAGAGGAAGT	1-AAGAGGAAGT	6.882296	-7099.169516	0	T:21452.0(32.84%),B:9271.9(14.35%),P:1e-3083	Tpos:100.7,Tstd:54.5,Bpos:100.0,Bstd:60.3,StrandBias:0.0,Multiplicity:1.21
0.622	0.137	0.147	0.094
0.610	0.001	0.203	0.186
0.221	0.297	0.482	0.001
0.835	0.001	0.163	0.001
0.001	0.001	0.997	0.001
0.001	0.001	0.997	0.001
0.997	0.001	0.001	0.001
0.997	0.001	0.001	0.001
0.298	0.076	0.625	0.001
0.016	0.291	0.001	0.692
>ATGASTCAYN	2-ATGASTCAYN	7.301869	-4378.171040	0	T:8093.0(12.39%),B:2389.1(3.70%),P:1e-1901	Tpos:99.5,Tstd:54.1,Bpos:99.6,Bstd:60.8,StrandBias:-0.0,Multiplicity:1.10
0.445	0.184	0.295	0.076
0.001	0.004	0.001	0.994
0.010	0.015	0.764	0.211
0.981	0.001	0.001	0.017
0.065	0.367	0.504	0.064
0.021	0.001	0.001	0.977
0.252	0.729	0.001	0.018
0.971	0.001	0.017	0.011
0.051	0.449	0.164	0.335
0.260	0.304	0.196	0.240
>ACTTCCKGTH	3-ACTTCCKGTH	5.916883	-3238.762821	0	T:24381.0(37.33%),B:15040.9(23.28%),P:1e-1406	Tpos:100.0,Tstd:55.3,Bpos:100.2,Bstd:60.9,StrandBias:-0.0,Multiplicity:1.15
0.570	0.077	0.293	0.060
0.001	0.892	0.106	0.001
0.341	0.001	0.005	0.653
0.001	0.001	0.259	0.739
0.001	0.816	0.055	0.128
0.001	0.989	0.001	0.009
0.031	0.020	0.441	0.508
0.179	0.156	0.537	0.128
0.199	0.252	0.067	0.482
0.226	0.302	0.113	0.359
>STTCCBBTTT	4-STTCCBBTTT	7.373211	-3177.041982	0	T:8532.0(13.06%),B:3222.1(4.99%),P:1e-1379	Tpos:99.4,Tstd:55.1,Bpos:100.7,Bstd:61.1,StrandBias:0.0,Multiplicity:1.05
0.030	0.366	0.504	0.100
0.016	0.022	0.027	0.935
0.022	0.032	0.046	0.900
0.069	0.714	0.025	0.192
0.008	0.653	0.068	0.271
0.109	0.375	0.284	0.233
0.095	0.282	0.312	0.312
0.357	0.057	0.017	0.569
0.182	0.040	0.113	0.665
0.077	0.041	0.030	0.852
>GATGASTCAT	5-GATGASTCAT	6.294900	-3001.477299	0	T:8565.0(13.11%),B:3347.2(5.18%),P:1e-1303	Tpos:98.9,Tstd:55.4,Bpos:98.7,Bstd:58.7,StrandBias:0.0,Multiplicity:1.03
0.226	0.175	0.392	0.207
0.479	0.313	0.111	0.097
0.010	0.193	0.001	0.796
0.165	0.055	0.617	0.163
0.706	0.042	0.057	0.195
0.180	0.334	0.313	0.173
0.141	0.080	0.039	0.740
0.140	0.731	0.003	0.126
0.920	0.013	0.066	0.001
0.135	0.009	0.277	0.579
>NYTGTGGTTW	6-NYTGTGGTTW	6.446999	-2580.319733	0	T:15369.0(23.53%),B:8507.4(13.17%),P:1e-1120	Tpos:100.0,Tstd:54.8,Bpos:99.9,Bstd:58.6,StrandBias:0.0,Multiplicity:1.19
0.199	0.253	0.217	0.331
0.238	0.255	0.113	0.395
0.116	0.144	0.068	0.672
0.001	0.001	0.997	0.001
0.076	0.084	0.001	0.839
0.001	0.001	0.997	0.001
0.001	0.001	0.997	0.001
0.001	0.192	0.083	0.724
0.124	0.198	0.091	0.587
0.367	0.032	0.202	0.399
>NRTTGCGCAA	7-NRTTGCGCAA	6.810287	-2314.784829	0	T:6766.0(10.36%),B:2655.6(4.11%),P:1e-1005	Tpos:100.1,Tstd:54.2,Bpos:101.2,Bstd:60.0,StrandBias:0.0,Multiplicity:1.10
0.229	0.163	0.309	0.298
0.410	0.165	0.387	0.038
0.006	0.009	0.004	0.981
0.001	0.001	0.048	0.950
0.274	0.015	0.505	0.206
0.107	0.597	0.070	0.226
0.270	0.056	0.571	0.103
0.191	0.508	0.031	0.270
0.907	0.085	0.001	0.007
0.985	0.003	0.007	0.005
>GGAAACNVCY	8-GGAAACNVCY	5.718882	-1578.756193	0	T:21184.0(32.43%),B:14749.4(22.83%),P:1e-685	Tpos:100.1,Tstd:55.3,Bpos:100.4,Bstd:60.6,StrandBias:0.0,Multiplicity:1.15
0.075	0.010	0.879	0.036
0.025	0.158	0.781	0.036
0.763	0.179	0.001	0.057
0.997	0.001	0.001	0.001
0.948	0.050	0.001	0.001
0.020	0.597	0.063	0.320
0.282	0.278	0.238	0.202
0.231	0.221	0.361	0.186
0.141	0.530	0.148	0.181
0.158	0.413	0.103	0.326
>GGAAGTGAAA	9-GGAAGTGAAA	9.042189	-1228.275056	0	T:2896.0(4.43%),B:983.1(1.52%),P:1e-533	Tpos:99.5,Tstd:55.8,Bpos:99.4,Bstd:62.6,StrandBias:0.0,Multiplicity:1.03
0.117	0.003	0.879	0.001
0.211	0.001	0.787	0.001
0.997	0.001	0.001	0.001
0.969	0.001	0.001	0.029
0.050	0.209	0.725	0.016
0.001	0.004	0.001	0.994
0.009	0.001	0.986	0.004
0.977	0.004	0.012	0.007
0.883	0.061	0.026	0.030
0.988	0.005	0.001	0.006
>TTGCAWCATH	10-TTGCAWCATH	8.015876	-1063.820353	0	T:4343.0(6.65%),B:1986.8(3.07%),P:1e-462	Tpos:100.2,Tstd:54.9,Bpos:99.3,Bstd:61.3,StrandBias:0.1,Multiplicity:1.06
0.017	0.006	0.001	0.976
0.001	0.001	0.001	0.997
0.307	0.001	0.481	0.211
0.001	0.945	0.001	0.053
0.522	0.114	0.241	0.123
0.452	0.001	0.001	0.546
0.001	0.997	0.001	0.001
0.997	0.001	0.001	0.001
0.001	0.359	0.098	0.542
0.294	0.361	0.067	0.279
>GTCATAAATC	11-GTCATAAATC	4.990875	-963.615986	0	T:23934.0(36.64%),B:18546.8(28.70%),P:1e-418	Tpos:99.7,Tstd:55.6,Bpos:99.1,Bstd:59.5,StrandBias:-0.0,Multiplicity:1.28
0.045	0.113	0.808	0.034
0.027	0.001	0.039	0.933
0.020	0.656	0.276	0.048
0.997	0.001	0.001	0.001
0.001	0.313	0.003	0.683
0.427	0.096	0.241	0.236
0.524	0.204	0.077	0.195
0.375	0.188	0.216	0.221
0.258	0.063	0.236	0.442
0.172	0.496	0.131	0.200
>CCMTCTRGTG	12-CCMTCTRGTG	8.944535	-627.962358	0	T:2223.0(3.40%),B:944.8(1.46%),P:1e-272	Tpos:100.1,Tstd:61.3,Bpos:100.3,Bstd:57.8,StrandBias:-0.1,Multiplicity:1.02
0.104	0.894	0.001	0.001
0.001	0.997	0.001	0.001
0.445	0.553	0.001	0.001
0.001	0.395	0.001	0.603
0.001	0.997	0.001	0.001
0.001	0.001	0.001	0.997
0.453	0.001	0.479	0.067
0.001	0.220	0.778	0.001
0.001	0.124	0.001	0.874
0.001	0.001	0.997	0.001
>STTMCYCAAW	13-STTMCYCAAW	9.058566	-613.099639	0	T:1413.0(2.16%),B:470.9(0.73%),P:1e-266	Tpos:99.3,Tstd:55.8,Bpos:99.4,Bstd:58.6,StrandBias:0.1,Multiplicity:1.01
0.118	0.423	0.450	0.009
0.060	0.038	0.030	0.872
0.048	0.001	0.001	0.950
0.445	0.543	0.011	0.001
0.010	0.868	0.071	0.051
0.033	0.380	0.208	0.379
0.090	0.820	0.046	0.044
0.567	0.050	0.001	0.382
0.787	0.067	0.087	0.059
0.394	0.048	0.027	0.531
>CNCAGATAAG	14-CNCAGATAAG	7.474497	-437.412692	0	T:3691.0(5.65%),B:2181.5(3.38%),P:1e-189	Tpos:100.2,Tstd:53.8,Bpos:100.8,Bstd:60.5,StrandBias:0.1,Multiplicity:1.04
0.178	0.447	0.197	0.178
0.190	0.245	0.285	0.280
0.183	0.447	0.203	0.166
0.710	0.043	0.001	0.246
0.002	0.001	0.996	0.001
0.809	0.114	0.004	0.073
0.018	0.001	0.001	0.980
0.779	0.027	0.011	0.183
0.936	0.058	0.001	0.005
0.091	0.094	0.785	0.030
>GTTGCTAARC	15-GTTGCTAARC	5.859907	-387.960871	0	T:4277.0(6.55%),B:2715.1(4.20%),P:1e-168	Tpos:98.3,Tstd:56.2,Bpos:97.0,Bstd:60.7,StrandBias:0.0,Multiplicity:1.03
0.247	0.156	0.522	0.075
0.050	0.320	0.045	0.585
0.059	0.084	0.155	0.702
0.156	0.047	0.731	0.066
0.078	0.582	0.221	0.119
0.054	0.311	0.030	0.605
0.530	0.070	0.086	0.314
0.552	0.137	0.213	0.098
0.409	0.105	0.332	0.154
0.163	0.417	0.202	0.217
>AAACAGCTGT	16-AAACAGCTGT	7.041020	-339.355684	0	T:4580.0(7.01%),B:3047.4(4.72%),P:1e-147	Tpos:99.6,Tstd:55.1,Bpos:102.3,Bstd:61.8,StrandBias:-0.1,Multiplicity:1.03
0.736	0.059	0.077	0.128
0.764	0.098	0.065	0.073
0.744	0.102	0.084	0.070
0.056	0.813	0.073	0.058
0.861	0.043	0.042	0.054
0.060	0.036	0.841	0.063
0.085	0.841	0.025	0.049
0.064	0.062	0.062	0.812
0.026	0.074	0.840	0.060
0.075	0.099	0.075	0.751
>RGCCCCRCCC	17-RGCCCCRCCC	7.193595	-322.245022	0	T:10905.0(16.69%),B:8552.8(13.24%),P:1e-139	Tpos:100.1,Tstd:55.2,Bpos:96.2,Bstd:56.2,StrandBias:0.0,Multiplicity:1.28
0.436	0.001	0.516	0.047
0.403	0.001	0.595	0.001
0.001	0.514	0.293	0.192
0.190	0.581	0.001	0.228
0.263	0.502	0.001	0.234
0.306	0.671	0.001	0.022
0.350	0.001	0.471	0.178
0.001	0.997	0.001	0.001
0.001	0.997	0.001	0.001
0.001	0.794	0.001	0.204
>CTCTGCGGAT	18-CTCTGCGGAT	5.993157	-260.858205	0	T:8473.0(12.97%),B:6583.4(10.19%),P:1e-113	Tpos:100.3,Tstd:56.1,Bpos:98.7,Bstd:60.2,StrandBias:0.0,Multiplicity:1.07
0.148	0.733	0.036	0.083
0.221	0.084	0.135	0.560
0.053	0.842	0.033	0.072
0.214	0.057	0.091	0.638
0.029	0.193	0.747	0.031
0.210	0.519	0.136	0.135
0.134	0.082	0.625	0.159
0.055	0.139	0.700	0.106
0.412	0.217	0.203	0.168
0.193	0.185	0.181	0.440
>CCATGGTAAC	19-CCATGGTAAC	8.190483	-217.458021	0	T:1078.0(1.65%),B:530.9(0.82%),P:1e-94	Tpos:99.1,Tstd:53.8,Bpos:98.3,Bstd:54.3,StrandBias:0.0,Multiplicity:1.08
0.001	0.997	0.001	0.001
0.001	0.932	0.002	0.065
0.832	0.043	0.023	0.102
0.001	0.048	0.001	0.950
0.030	0.033	0.918	0.019
0.001	0.001	0.880	0.118
0.031	0.214	0.015	0.740
0.858	0.012	0.001	0.129
0.969	0.029	0.001	0.001
0.001	0.997	0.001	0.001
>NVWRACGTCA	20-NVWRACGTCA	5.117451	-216.370117	0	T:3056.0(4.68%),B:2047.2(3.17%),P:1e-93	Tpos:101.8,Tstd:56.1,Bpos:96.5,Bstd:60.5,StrandBias:0.0,Multiplicity:1.03
0.256	0.235	0.284	0.225
0.232	0.337	0.260	0.171
0.319	0.187	0.041	0.453
0.281	0.118	0.385	0.217
0.608	0.017	0.352	0.023
0.016	0.659	0.015	0.310
0.285	0.030	0.536	0.149
0.194	0.268	0.016	0.522
0.157	0.551	0.037	0.255
0.565	0.019	0.244	0.172
>ATTGCCTAAT	21-ATTGCCTAAT	9.101399	-207.851830	0	T:637.0(0.98%),B:251.3(0.39%),P:1e-90	Tpos:100.7,Tstd:58.3,Bpos:90.5,Bstd:60.1,StrandBias:-0.2,Multiplicity:1.00
0.714	0.237	0.047	0.002
0.012	0.001	0.116	0.871
0.128	0.053	0.028	0.791
0.047	0.012	0.939	0.002
0.001	0.802	0.196	0.001
0.009	0.738	0.252	0.001
0.234	0.047	0.069	0.650
0.890	0.051	0.058	0.001
0.856	0.114	0.028	0.002
0.002	0.202	0.039	0.757
>YSCGATTGGC	22-YSCGATTGGC	6.634427	-179.608690	0	T:4691.0(7.18%),B:3515.5(5.44%),P:1e-78	Tpos:100.2,Tstd:55.3,Bpos:94.2,Bstd:57.9,StrandBias:0.0,Multiplicity:1.10
0.034	0.324	0.216	0.426
0.126	0.471	0.332	0.071
0.001	0.528	0.196	0.275
0.232	0.235	0.477	0.056
0.782	0.055	0.093	0.070
0.049	0.030	0.118	0.803
0.001	0.001	0.001	0.997
0.001	0.001	0.978	0.020
0.001	0.001	0.994	0.004
0.105	0.600	0.112	0.183
>CCGCTAGGGG	23-CCGCTAGGGG	6.690259	-159.302748	0	T:6304.0(9.65%),B:5002.7(7.74%),P:1e-69	Tpos:99.4,Tstd:56.1,Bpos:98.2,Bstd:59.4,StrandBias:0.0,Multiplicity:1.10
0.048	0.796	0.079	0.077
0.072	0.823	0.052	0.053
0.085	0.029	0.796	0.090
0.033	0.836	0.073	0.058
0.091	0.072	0.086	0.751
0.785	0.084	0.088	0.043
0.070	0.042	0.852	0.036
0.066	0.011	0.867	0.056
0.097	0.102	0.734	0.067
0.084	0.072	0.761	0.083
>GTCGTTTAGC	24-GTCGTTTAGC	11.076121	-70.134942	0	T:49.0(0.08%),B:5.9(0.01%),P:1e-30	Tpos:111.7,Tstd:49.6,Bpos:123.5,Bstd:51.7,StrandBias:0.1,Multiplicity:1.00
0.001	0.001	0.997	0.001
0.001	0.066	0.278	0.655
0.001	0.997	0.001	0.001
0.001	0.001	0.753	0.245
0.001	0.001	0.065	0.933
0.196	0.001	0.001	0.802
0.124	0.001	0.001	0.874
0.607	0.196	0.196	0.001
0.001	0.001	0.997	0.001
0.001	0.976	0.001	0.022
>AACTCTGYGG	25-AACTCTGYGG	10.571392	-39.108878	0	T:119.0(0.18%),B:48.1(0.07%),P:1e-16	Tpos:86.2,Tstd:55.1,Bpos:134.8,Bstd:55.0,StrandBias:-0.2,Multiplicity:1.00
0.977	0.007	0.001	0.015
0.947	0.015	0.030	0.008
0.001	0.840	0.158	0.001
0.001	0.271	0.065	0.663
0.007	0.925	0.001	0.067
0.022	0.159	0.182	0.637
0.007	0.001	0.985	0.007
0.031	0.492	0.001	0.477
0.008	0.119	0.865	0.008
0.001	0.001	0.715	0.283
>HACTTCCTCTTT	1-HACTTCCTCTTT	7.326752	-7239.078361	0	T:18168.0(27.81%),B:6964.3(10.78%),P:1e-3143	Tpos:100.2,Tstd:54.0,Bpos:100.4,Bstd:59.1,StrandBias:-0.0,Multiplicity:1.18
0.251	0.379	0.110	0.260
0.738	0.021	0.194	0.047
0.001	0.654	0.157	0.188
0.001	0.001	0.001	0.997
0.001	0.001	0.001	0.997
0.001	0.997	0.001	0.001
0.001	0.958	0.001	0.040
0.004	0.245	0.006	0.745
0.017	0.516	0.212	0.255
0.206	0.199	0.001	0.594
0.164	0.127	0.062	0.647
0.194	0.169	0.086	0.551
>NNATGABTCATN	2-NNATGABTCATN	8.019449	-4162.201882	0	T:6125.0(9.38%),B:1486.3(2.30%),P:1e-1807	Tpos:99.6,Tstd:53.6,Bpos:100.0,Bstd:59.7,StrandBias:0.0,Multiplicity:1.07
0.237	0.208	0.261	0.293
0.244	0.169	0.289	0.298
0.420	0.231	0.213	0.136
0.001	0.001	0.001	0.997
0.001	0.001	0.817	0.181
0.931	0.001	0.001	0.067
0.162	0.298	0.338	0.202
0.001	0.001	0.001	0.997
0.026	0.972	0.001	0.001
0.997	0.001	0.001	0.001
0.120	0.234	0.220	0.426
0.274	0.255	0.185	0.286
>HATTGTGCAATA	3-HATTGTGCAATA	7.509718	-2205.385299	0	T:6276.0(9.61%),B:2421.2(3.75%),P:1e-957	Tpos:99.5,Tstd:53.7,Bpos:101.1,Bstd:60.1,StrandBias:-0.0,Multiplicity:1.11
0.278	0.202	0.178	0.342
0.580	0.088	0.313	0.019
0.001	0.001	0.001	0.997
0.001	0.001	0.001	0.997
0.204	0.001	0.565	0.230
0.151	0.001	0.003	0.845
0.001	0.001	0.997	0.001
0.349	0.531	0.001	0.119
0.997	0.001	0.001	0.001
0.997	0.001	0.001	0.001
0.002	0.302	0.118	0.578
0.432	0.191	0.110	0.266
>NVWAACCACARA	4-NVWAACCACARA	7.257221	-2193.671241	0	T:10387.0(15.90%),B:5182.9(8.02%),P:1e-952	Tpos:100.1,Tstd:53.7,Bpos:100.2,Bstd:58.0,StrandBias:-0.0,Multiplicity:1.12
0.328	0.202	0.199	0.271
0.257	0.322	0.280	0.141
0.401	0.220	0.019	0.361
0.687	0.020	0.255	0.038
0.642	0.092	0.265	0.001
0.001	0.961	0.037	0.001
0.001	0.997	0.001	0.001
0.834	0.059	0.013	0.094
0.001	0.997	0.001	0.001
0.939	0.001	0.001	0.059
0.305	0.120	0.412	0.163
0.448	0.153	0.259	0.140
>GYTTCCTGYSNN	5-GYTTCCTGYSNN	8.310997	-1659.323005	0	T:8469.0(12.97%),B:4314.7(6.68%),P:1e-720	Tpos:99.8,Tstd:53.9,Bpos:100.2,Bstd:60.3,StrandBias:-0.0,Multiplicity:1.07
0.149	0.229	0.510	0.112
0.001	0.428	0.001	0.570
0.001	0.001	0.001	0.997
0.001	0.001	0.001	0.997
0.001	0.987	0.001	0.011
0.001	0.997	0.001	0.001
0.001	0.001	0.001	0.997
0.001	0.020	0.848	0.131
0.209	0.299	0.072	0.419
0.189	0.359	0.331	0.121
0.273	0.264	0.255	0.208
0.271	0.266	0.194	0.269
>GGAAGTGACTSA	6-GGAAGTGACTSA	7.374449	-1242.096856	0	T:7737.0(11.84%),B:4218.9(6.53%),P:1e-539	Tpos:100.1,Tstd:56.1,Bpos:101.2,Bstd:60.3,StrandBias:0.0,Multiplicity:1.05
0.200	0.001	0.737	0.062
0.109	0.081	0.809	0.001
0.781	0.158	0.060	0.001
0.888	0.001	0.094	0.017
0.232	0.101	0.666	0.001
0.102	0.001	0.116	0.781
0.078	0.109	0.728	0.085
0.749	0.045	0.141	0.065
0.055	0.711	0.161	0.073
0.304	0.044	0.015	0.637
0.091	0.466	0.322	0.121
0.629	0.094	0.059	0.218
>GRAASTGAAAST	7-GRAASTGAAAST	10.406824	-1240.213931	0	T:1718.0(2.63%),B:385.0(0.60%),P:1e-538	Tpos:96.7,Tstd:54.7,Bpos:101.4,Bstd:63.1,StrandBias:-0.0,Multiplicity:1.04
0.240	0.018	0.711	0.031
0.466	0.010	0.498	0.026
0.988	0.008	0.001	0.003
0.943	0.001	0.002	0.054
0.097	0.451	0.426	0.026
0.178	0.007	0.007	0.808
0.002	0.003	0.994	0.001
0.924	0.004	0.071	0.001
0.894	0.035	0.054	0.017
0.939	0.001	0.033	0.027
0.090	0.410	0.460	0.039
0.126	0.228	0.063	0.583
>TATTGCATCATH	8-TATTGCATCATH	8.282808	-1163.533766	0	T:3920.0(6.00%),B:1635.4(2.53%),P:1e-505	Tpos:99.4,Tstd:54.3,Bpos:98.8,Bstd:61.0,StrandBias:0.1,Multiplicity:1.05
0.217	0.155	0.141	0.486
0.539	0.215	0.196	0.050
0.029	0.033	0.001	0.937
0.003	0.001	0.037	0.959
0.124	0.005	0.526	0.345
0.027	0.967	0.001	0.005
0.692	0.152	0.001	0.155
0.320	0.045	0.021	0.614
0.001	0.961	0.026	0.012
0.988	0.001	0.001	0.010
0.020	0.309	0.144	0.527
0.366	0.265	0.079	0.290
>ACTTCTGCTTTT	9-ACTTCTGCTTTT	10.170426	-1088.339085	0	T:1577.0(2.41%),B:368.1(0.57%),P:1e-472	Tpos:98.9,Tstd:54.2,Bpos:98.0,Bstd:60.5,StrandBias:0.1,Multiplicity:1.02
0.728	0.053	0.134	0.085
0.019	0.724	0.256	0.001
0.001	0.047	0.005	0.947
0.020	0.001	0.004	0.975
0.012	0.986	0.001	0.001
0.034	0.084	0.004	0.878
0.095	0.304	0.596	0.005
0.029	0.613	0.068	0.290
0.235	0.136	0.004	0.625
0.206	0.011	0.013	0.770
0.109	0.183	0.104	0.604
0.105	0.277	0.079	0.539
>ATGCTTAGTCAT	10-ATGCTTAGTCAT	8.424864	-998.582397	0	T:2681.0(4.10%),B:984.4(1.52%),P:1e-433	Tpos:97.7,Tstd:54.3,Bpos:96.6,Bstd:59.6,StrandBias:0.1,Multiplicity:1.02
0.433	0.204	0.114	0.249
0.089	0.001	0.064	0.846
0.023	0.073	0.826	0.078
0.072	0.866	0.011	0.051
0.184	0.048	0.001	0.767
0.149	0.100	0.247	0.504
0.672	0.001	0.063	0.264
0.036	0.176	0.715	0.073
0.017	0.002	0.001	0.980
0.070	0.894	0.020	0.016
0.970	0.013	0.001	0.016
0.057	0.137	0.042	0.764
>AGGAAACAGHTG	11-AGGAAACAGHTG	10.113233	-897.337849	0	T:1698.0(2.60%),B:493.6(0.76%),P:1e-389	Tpos:99.4,Tstd:52.4,Bpos:101.4,Bstd:61.2,StrandBias:0.0,Multiplicity:1.02
0.776	0.042	0.058	0.124
0.001	0.001	0.997	0.001
0.001	0.072	0.926	0.001
0.960	0.001	0.038	0.001
0.947	0.001	0.001	0.051
0.742	0.044	0.213	0.001
0.001	0.867	0.001	0.131
0.940	0.017	0.001	0.042
0.001	0.190	0.635	0.174
0.308	0.332	0.176	0.184
0.192	0.008	0.001	0.799
0.137	0.154	0.496	0.213
>CACYAGAKGGCR	12-CACYAGAKGGCR	10.024786	-824.908778	0	T:1276.0(1.95%),B:315.7(0.49%),P:1e-358	Tpos:98.9,Tstd:62.9,Bpos:99.7,Bstd:59.2,StrandBias:0.0,Multiplicity:1.01
0.114	0.884	0.001	0.001
0.786	0.033	0.001	0.180
0.001	0.566	0.380	0.053
0.187	0.463	0.001	0.349
0.997	0.001	0.001	0.001
0.052	0.001	0.946	0.001
0.634	0.059	0.303	0.004
0.079	0.001	0.436	0.484
0.001	0.001	0.997	0.001
0.067	0.001	0.658	0.274
0.160	0.743	0.085	0.012
0.469	0.047	0.321	0.163
>GCCCCCTRGTGG	13-GCCCCCTRGTGG	9.718850	-643.154686	0	T:1806.0(2.76%),B:678.7(1.05%),P:1e-279	Tpos:101.4,Tstd:59.6,Bpos:100.6,Bstd:55.8,StrandBias:0.2,Multiplicity:1.02
0.241	0.002	0.659	0.098
0.001	0.989	0.009	0.001
0.001	0.996	0.001	0.002
0.304	0.603	0.068	0.025
0.001	0.680	0.001	0.318
0.001	0.997	0.001	0.001
0.122	0.100	0.020	0.758
0.428	0.116	0.418	0.038
0.001	0.290	0.697	0.012
0.281	0.099	0.073	0.547
0.001	0.001	0.997	0.001
0.001	0.001	0.997	0.001
>ACATTGCGTAAT	14-ACATTGCGTAAT	6.984645	-570.089603	0	T:4492.0(6.88%),B:2608.6(4.04%),P:1e-247	Tpos:99.8,Tstd:54.9,Bpos:100.0,Bstd:57.6,StrandBias:0.0,Multiplicity:1.03
0.781	0.063	0.082	0.074
0.126	0.710	0.088	0.076
0.820	0.052	0.026	0.102
0.065	0.076	0.072	0.787
0.048	0.016	0.049	0.887
0.091	0.051	0.755	0.103
0.146	0.587	0.121	0.146
0.130	0.175	0.538	0.157
0.110	0.087	0.063	0.740
0.812	0.072	0.044	0.072
0.852	0.041	0.050	0.057
0.099	0.080	0.091	0.730
>NTGATGACTAAT	15-NTGATGACTAAT	7.911281	-450.057445	0	T:2604.0(3.99%),B:1361.0(2.11%),P:1e-195	Tpos:98.8,Tstd:54.2,Bpos:99.1,Bstd:56.4,StrandBias:-0.1,Multiplicity:1.03
0.258	0.309	0.224	0.208
0.203	0.001	0.115	0.681
0.099	0.115	0.623	0.163
0.499	0.257	0.158	0.085
0.015	0.001	0.001	0.983
0.006	0.001	0.934	0.059
0.969	0.006	0.002	0.023
0.052	0.447	0.281	0.220
0.014	0.007	0.001	0.978
0.745	0.001	0.173	0.081
0.767	0.034	0.115	0.084
0.204	0.135	0.133	0.528
>NACAGCTGTTTN	16-NACAGCTGTTTN	6.161312	-403.655546	0	T:8139.0(12.46%),B:5891.5(9.12%),P:1e-175	Tpos:100.0,Tstd:54.7,Bpos:102.5,Bstd:61.3,StrandBias:0.1,Multiplicity:1.07
0.264	0.261	0.242	0.233
0.470	0.147	0.207	0.176
0.183	0.587	0.168	0.062
0.706	0.002	0.005	0.287
0.120	0.028	0.658	0.194
0.157	0.687	0.023	0.133
0.236	0.003	0.002	0.759
0.033	0.171	0.580	0.216
0.112	0.211	0.114	0.563
0.080	0.196	0.192	0.532
0.161	0.156	0.179	0.504
0.221	0.245	0.241	0.293
>TTACGAAACCAC	17-TTACGAAACCAC	8.121798	-338.848140	0	T:1393.0(2.13%),B:633.3(0.98%),P:1e-147	Tpos:98.8,Tstd:54.9,Bpos:98.1,Bstd:55.6,StrandBias:0.1,Multiplicity:1.01
0.064	0.098	0.048	0.790
0.082	0.081	0.093	0.744
0.682	0.119	0.091	0.108
0.179	0.527	0.175	0.119
0.174	0.120	0.596	0.110
0.787	0.076	0.068	0.069
0.873	0.060	0.033	0.034
0.852	0.053	0.055	0.040
0.119	0.728	0.076	0.077
0.068	0.854	0.028	0.050
0.831	0.061	0.036	0.072
0.100	0.735	0.086	0.079
>ACAGGATGTGGK	18-ACAGGATGTGGK	11.229288	-334.230063	0	T:511.0(0.78%),B:125.1(0.19%),P:1e-145	Tpos:100.5,Tstd:51.9,Bpos:104.0,Bstd:52.1,StrandBias:0.1,Multiplicity:1.00
0.641	0.049	0.192	0.118
0.114	0.664	0.221	0.001
0.997	0.001	0.001	0.001
0.001	0.001	0.997	0.001
0.008	0.087	0.901	0.004
0.946	0.052	0.001	0.001
0.001	0.001	0.001	0.997
0.001	0.001	0.997	0.001
0.001	0.001	0.001	0.997
0.001	0.001	0.899	0.099
0.229	0.001	0.554	0.216
0.062	0.229	0.417	0.292
>CTGTTGCCACAT	19-CTGTTGCCACAT	7.612175	-290.364260	0	T:2776.0(4.25%),B:1694.4(2.62%),P:1e-126	Tpos:98.4,Tstd:55.5,Bpos:101.0,Bstd:58.8,StrandBias:-0.0,Multiplicity:1.02
0.084	0.749	0.067	0.100
0.111	0.037	0.044	0.808
0.046	0.101	0.746	0.107
0.085	0.161	0.085	0.669
0.080	0.047	0.089	0.784
0.078	0.091	0.695	0.136
0.087	0.738	0.066	0.109
0.063	0.832	0.029	0.076
0.791	0.081	0.040	0.088
0.090	0.744	0.103	0.063
0.749	0.095	0.048	0.108
0.097	0.079	0.129	0.695
>GTTCCTCAAATG	20-GTTCCTCAAATG	10.376484	-232.351028	0	T:195.0(0.30%),B:25.8(0.04%),P:1e-100	Tpos:97.0,Tstd:52.3,Bpos:82.4,Bstd:53.4,StrandBias:0.2,Multiplicity:1.00
0.001	0.001	0.997	0.001
0.001	0.001	0.302	0.696
0.001	0.001	0.001	0.997
0.001	0.997	0.001	0.001
0.001	0.997	0.001	0.001
0.001	0.001	0.001	0.997
0.001	0.997	0.001	0.001
0.997	0.001	0.001	0.001
0.997	0.001	0.001	0.001
0.997	0.001	0.001	0.001
0.353	0.001	0.001	0.645
0.039	0.144	0.809	0.008
>HGGCCCCGCCCH	21-HGGCCCCGCCCH	8.204186	-204.404960	0	T:7014.0(10.74%),B:5475.4(8.47%),P:1e-88	Tpos:99.9,Tstd:54.5,Bpos:93.3,Bstd:54.8,StrandBias:0.0,Multiplicity:1.27
0.341	0.277	0.179	0.204
0.245	0.115	0.560	0.080
0.107	0.001	0.879	0.013
0.001	0.892	0.100	0.007
0.111	0.717	0.026	0.146
0.163	0.752	0.043	0.042
0.146	0.693	0.009	0.152
0.241	0.001	0.582	0.176
0.001	0.992	0.006	0.001
0.001	0.975	0.016	0.008
0.006	0.981	0.012	0.001
0.332	0.254	0.115	0.298
>TGCCATGGCAAC	22-TGCCATGGCAAC	9.904787	-192.187523	0	T:628.0(0.96%),B:256.1(0.40%),P:1e-83	Tpos:100.5,Tstd:53.1,Bpos:93.9,Bstd:55.1,StrandBias:-0.1,Multiplicity:1.02
0.076	0.111	0.027	0.786
0.129	0.067	0.703	0.101
0.043	0.832	0.001	0.124
0.001	0.899	0.004	0.096
0.778	0.120	0.034	0.068
0.061	0.012	0.066	0.861
0.138	0.001	0.858	0.003
0.027	0.019	0.950	0.004
0.119	0.718	0.080	0.083
0.913	0.032	0.052	0.003
0.808	0.001	0.098	0.093
0.024	0.809	0.046	0.121
>WGGGGAAGYCCC	23-WGGGGAAGYCCC	7.991601	-176.929271	0	T:2957.0(4.53%),B:2049.5(3.17%),P:1e-76	Tpos:101.3,Tstd:54.5,Bpos:99.7,Bstd:57.0,StrandBias:-0.0,Multiplicity:1.03
0.361	0.157	0.161	0.321
0.095	0.001	0.827	0.077
0.014	0.001	0.984	0.001
0.031	0.001	0.967	0.001
0.366	0.061	0.572	0.001
0.513	0.285	0.201	0.001
0.550	0.127	0.118	0.205
0.162	0.117	0.459	0.263
0.023	0.489	0.088	0.400
0.001	0.911	0.001	0.087
0.040	0.920	0.001	0.039
0.119	0.820	0.001	0.060
>GGCAGGCTGCCA	24-GGCAGGCTGCCA	8.289809	-131.415472	0	T:2562.0(3.92%),B:1826.1(2.83%),P:1e-57	Tpos:100.3,Tstd:54.3,Bpos:101.0,Bstd:56.7,StrandBias:0.0,Multiplicity:1.03
0.100	0.041	0.816	0.043
0.051	0.071	0.840	0.038
0.051	0.810	0.133	0.006
0.565	0.022	0.058	0.355
0.032	0.040	0.872	0.056
0.014	0.280	0.673	0.033
0.065	0.772	0.137	0.026
0.339	0.045	0.046	0.570
0.009	0.058	0.878	0.055
0.032	0.794	0.121	0.053
0.059	0.875	0.049	0.017
0.720	0.053	0.026	0.201
>GGNTTGTGTAAG	25-GGNTTGTGTAAG	9.819949	-103.417292	0	T:58.0(0.09%),B:4.5(0.01%),P:1e-44	Tpos:114.8,Tstd:53.9,Bpos:84.6,Bstd:32.6,StrandBias:-0.6,Multiplicity:1.00
0.001	0.001	0.997	0.001
0.001	0.001	0.997	0.001
0.238	0.238	0.298	0.226
0.001	0.001	0.001	0.997
0.001	0.001	0.001	0.997
0.001	0.001	0.997	0.001
0.001	0.001	0.001	0.997
0.001	0.001	0.997	0.001
0.001	0.001	0.001	0.997
0.993	0.005	0.001	0.001
0.997	0.001	0.001	0.001
0.001	0.001	0.997	0.001
>VAGGAART	1-VAGGAART	6.816438	-6180.805579	0	T:24499.0(37.51%),B:12193.2(18.87%),P:1e-2684	Tpos:100.4,Tstd:55.1,Bpos:100.4,Bstd:61.5,StrandBias:0.0,Multiplicity:1.24
0.255	0.358	0.368	0.019
0.686	0.074	0.207	0.033
0.085	0.002	0.895	0.018
0.019	0.023	0.946	0.012
0.983	0.015	0.001	0.001
0.942	0.004	0.001	0.053
0.352	0.141	0.497	0.010
0.017	0.264	0.038	0.681
>TGAGTCAT	2-TGAGTCAT	6.717107	-4125.739476	0	T:9095.0(13.92%),B:3053.4(4.73%),P:1e-1791	Tpos:99.6,Tstd:54.7,Bpos:99.5,Bstd:61.3,StrandBias:-0.0,Multiplicity:1.11
0.001	0.004	0.001	0.994
0.001	0.001	0.935	0.063
0.981	0.003	0.001	0.015
0.055	0.217	0.672	0.056
0.001	0.001	0.001	0.997
0.029	0.969	0.001	0.001
0.997	0.001	0.001	0.001
0.020	0.151	0.115	0.714
>AKTTCCTY	3-AKTTCCTY	5.248578	-3768.315297	0	T:40796.0(62.46%),B:29428.5(45.54%),P:1e-1636	Tpos:100.2,Tstd:55.7,Bpos:100.2,Bstd:61.3,StrandBias:0.0,Multiplicity:1.28
0.507	0.129	0.357	0.007
0.010	0.140	0.435	0.415
0.032	0.010	0.001	0.957
0.051	0.019	0.001	0.929
0.008	0.981	0.001	0.010
0.050	0.911	0.015	0.024
0.111	0.188	0.190	0.511
0.180	0.289	0.134	0.396
>ATGACTCA	4-ATGACTCA	5.662461	-2774.903918	0	T:19519.0(29.88%),B:11575.6(17.91%),P:1e-1205	Tpos:100.3,Tstd:55.6,Bpos:100.6,Bstd:60.6,StrandBias:0.0,Multiplicity:1.15
0.450	0.242	0.276	0.031
0.001	0.018	0.007	0.974
0.033	0.010	0.791	0.166
0.965	0.014	0.014	0.007
0.077	0.575	0.045	0.303
0.091	0.075	0.335	0.500
0.127	0.534	0.036	0.303
0.875	0.036	0.001	0.088
>TGTGGTTW	5-TGTGGTTW	6.009196	-2380.923791	0	T:17279.0(26.45%),B:10247.2(15.86%),P:1e-1034	Tpos:100.1,Tstd:55.3,Bpos:100.0,Bstd:58.7,StrandBias:0.0,Multiplicity:1.21
0.082	0.057	0.055	0.806
0.013	0.001	0.968	0.018
0.063	0.087	0.001	0.849
0.001	0.027	0.919	0.053
0.051	0.001	0.947	0.001
0.027	0.354	0.084	0.535
0.201	0.182	0.017	0.600
0.373	0.010	0.124	0.492
>TTCCGCTT	6-TTCCGCTT	5.233955	-2235.210121	0	T:15922.0(24.38%),B:9341.7(14.46%),P:1e-970	Tpos:100.9,Tstd:55.9,Bpos:99.5,Bstd:62.4,StrandBias:0.0,Multiplicity:1.13
0.097	0.078	0.096	0.729
0.105	0.140	0.150	0.605
0.100	0.608	0.090	0.202
0.125	0.716	0.064	0.095
0.110	0.172	0.586	0.132
0.044	0.453	0.283	0.220
0.150	0.112	0.089	0.649
0.128	0.101	0.119	0.652
>CTTCCKGT	7-CTTCCKGT	6.373957	-1859.392702	0	T:14947.0(22.88%),B:9043.3(14.00%),P:1e-807	Tpos:99.5,Tstd:56.4,Bpos:99.2,Bstd:62.5,StrandBias:-0.0,Multiplicity:1.05
0.036	0.637	0.165	0.162
0.195	0.036	0.042	0.727
0.001	0.001	0.112	0.886
0.064	0.768	0.046	0.122
0.041	0.957	0.001	0.001
0.001	0.001	0.505	0.493
0.001	0.052	0.816	0.131
0.068	0.139	0.072	0.721
>TTATGCAA	8-TTATGCAA	5.646682	-1808.913944	0	T:12769.0(19.55%),B:7381.7(11.42%),P:1e-785	Tpos:99.8,Tstd:55.2,Bpos:99.5,Bstd:61.1,StrandBias:0.0,Multiplicity:1.19
0.001	0.001	0.004	0.994
0.001	0.007	0.133	0.859
0.509	0.025	0.356	0.110
0.064	0.034	0.050	0.852
0.001	0.001	0.997	0.001
0.033	0.929	0.001	0.037
0.997	0.001	0.001	0.001
0.997	0.001	0.001	0.001
>TGAGWCAT	9-TGAGWCAT	6.564323	-1209.623734	0	T:12417.0(19.01%),B:7932.0(12.28%),P:1e-525	Tpos:99.8,Tstd:56.7,Bpos:100.2,Bstd:59.9,StrandBias:-0.0,Multiplicity:1.07
0.216	0.176	0.001	0.607
0.001	0.001	0.622	0.376
0.524	0.198	0.001	0.277
0.001	0.126	0.872	0.001
0.407	0.001	0.056	0.536
0.347	0.626	0.026	0.001
0.997	0.001	0.001	0.001
0.001	0.001	0.001	0.997
>TTACGWAA	10-TTACGWAA	5.144062	-821.583244	0	T:20230.0(30.97%),B:15517.1(24.01%),P:1e-356	Tpos:100.7,Tstd:55.4,Bpos:99.7,Bstd:60.2,StrandBias:0.0,Multiplicity:1.15
0.081	0.001	0.001	0.917
0.001	0.001	0.242	0.756
0.739	0.001	0.001	0.259
0.001	0.997	0.001	0.001
0.152	0.138	0.709	0.001
0.279	0.149	0.199	0.373
0.714	0.283	0.002	0.001
0.997	0.001	0.001	0.001
>TGTGGTNA	11-TGTGGTNA	4.807631	-787.895421	0	T:26481.0(40.54%),B:21408.4(33.13%),P:1e-342	Tpos:100.0,Tstd:55.9,Bpos:100.3,Bstd:59.8,StrandBias:-0.0,Multiplicity:1.17
0.048	0.281	0.121	0.550
0.119	0.095	0.664	0.122
0.043	0.132	0.001	0.824
0.022	0.137	0.728	0.113
0.273	0.080	0.601	0.046
0.030	0.119	0.184	0.667
0.324	0.214	0.187	0.275
0.905	0.093	0.001	0.001
>GTGACWDC	12-GTGACWDC	5.646213	-650.607778	0	T:19834.0(30.36%),B:15626.1(24.18%),P:1e-282	Tpos:100.3,Tstd:56.3,Bpos:98.9,Bstd:61.4,StrandBias:0.0,Multiplicity:1.22
0.382	0.001	0.616	0.001
0.001	0.001	0.001	0.997
0.001	0.110	0.737	0.152
0.997	0.001	0.001	0.001
0.001	0.948	0.001	0.050
0.384	0.081	0.189	0.346
0.249	0.001	0.364	0.386
0.001	0.521	0.315	0.163
>AAGTGAAA	13-AAGTGAAA	6.910104	-569.137376	0	T:5119.0(7.84%),B:3091.3(4.78%),P:1e-247	Tpos:100.5,Tstd:56.4,Bpos:100.3,Bstd:63.1,StrandBias:-0.0,Multiplicity:1.05
0.997	0.001	0.001	0.001
0.971	0.027	0.001	0.001
0.001	0.381	0.617	0.001
0.001	0.001	0.001	0.997
0.001	0.001	0.997	0.001
0.997	0.001	0.001	0.001
0.932	0.066	0.001	0.001
0.997	0.001	0.001	0.001
>TCTTATCT	14-TCTTATCT	6.873485	-443.545716	0	T:4318.0(6.61%),B:2657.0(4.11%),P:1e-192	Tpos:100.1,Tstd:54.0,Bpos:101.1,Bstd:61.1,StrandBias:-0.0,Multiplicity:1.05
0.042	0.264	0.220	0.475
0.001	0.932	0.066	0.001
0.001	0.001	0.001	0.997
0.001	0.001	0.001	0.997
0.997	0.001	0.001	0.001
0.001	0.001	0.001	0.997
0.001	0.997	0.001	0.001
0.073	0.001	0.012	0.914
>CAKCTGKY	15-CAKCTGKY	6.458698	-415.309260	0	T:15336.0(23.48%),B:12249.3(18.96%),P:1e-180	Tpos:99.3,Tstd:56.2,Bpos:100.1,Bstd:61.4,StrandBias:-0.0,Multiplicity:1.12
0.001	0.743	0.171	0.085
0.641	0.001	0.108	0.250
0.001	0.001	0.524	0.474
0.360	0.638	0.001	0.001
0.001	0.001	0.001	0.997
0.001	0.001	0.997	0.001
0.001	0.209	0.387	0.403
0.159	0.371	0.004	0.466
>CTGGCAGC	16-CTGGCAGC	5.472796	-405.321915	0	T:16526.0(25.30%),B:13373.6(20.70%),P:1e-176	Tpos:100.5,Tstd:56.1,Bpos:100.2,Bstd:60.9,StrandBias:0.0,Multiplicity:1.17
0.001	0.730	0.095	0.174
0.047	0.001	0.001	0.951
0.014	0.001	0.947	0.038
0.001	0.105	0.832	0.062
0.001	0.986	0.001	0.012
0.943	0.001	0.035	0.021
0.088	0.015	0.896	0.001
0.051	0.781	0.061	0.107
>CAGGATGT	17-CAGGATGT	8.668542	-268.739232	0	T:2525.0(3.87%),B:1533.3(2.37%),P:1e-116	Tpos:100.7,Tstd:54.9,Bpos:102.1,Bstd:59.0,StrandBias:0.0,Multiplicity:1.02
0.001	0.842	0.156	0.001
0.874	0.124	0.001	0.001
0.001	0.001	0.997	0.001
0.001	0.001	0.997	0.001
0.997	0.001	0.001	0.001
0.001	0.001	0.001	0.997
0.001	0.001	0.997	0.001
0.001	0.135	0.001	0.863
>CCGCAGAG	18-CCGCAGAG	6.626761	-237.358201	0	T:8542.0(13.08%),B:6723.6(10.41%),P:1e-103	Tpos:99.5,Tstd:56.2,Bpos:99.4,Bstd:61.1,StrandBias:0.0,Multiplicity:1.08
0.062	0.909	0.001	0.028
0.026	0.863	0.036	0.075
0.149	0.069	0.635	0.147
0.001	0.949	0.031	0.019
0.894	0.001	0.031	0.074
0.015	0.001	0.968	0.016
0.997	0.001	0.001	0.001
0.062	0.001	0.917	0.020
>CGCCCTCT	19-CGCCCTCT	6.807112	-225.939211	0	T:7265.0(11.12%),B:5626.7(8.71%),P:1e-98	Tpos:100.8,Tstd:57.2,Bpos:98.5,Bstd:58.6,StrandBias:0.0,Multiplicity:1.10
0.054	0.723	0.049	0.174
0.046	0.001	0.952	0.001
0.001	0.956	0.001	0.042
0.017	0.959	0.014	0.010
0.044	0.912	0.011	0.033
0.001	0.273	0.001	0.725
0.017	0.960	0.001	0.022
0.020	0.027	0.001	0.952
>GGTTGCTA	20-GGTTGCTA	6.785171	-211.338356	0	T:3948.0(6.04%),B:2797.1(4.33%),P:1e-91	Tpos:98.0,Tstd:56.3,Bpos:99.1,Bstd:61.2,StrandBias:0.1,Multiplicity:1.03
0.143	0.072	0.668	0.117
0.038	0.095	0.866	0.001
0.001	0.038	0.001	0.960
0.001	0.001	0.001	0.997
0.043	0.001	0.846	0.110
0.018	0.947	0.018	0.017
0.001	0.034	0.001	0.964
0.895	0.023	0.057	0.025
>AGAGAAGT	21-AGAGAAGT	8.506132	-182.914891	0	T:2887.0(4.42%),B:1978.2(3.06%),P:1e-79	Tpos:101.2,Tstd:56.2,Bpos:102.0,Bstd:62.6,StrandBias:-0.1,Multiplicity:1.02
0.625	0.001	0.373	0.001
0.001	0.001	0.997	0.001
0.965	0.033	0.001	0.001
0.001	0.001	0.997	0.001
0.871	0.127	0.001	0.001
0.997	0.001	0.001	0.001
0.001	0.001	0.997	0.001
0.001	0.001	0.001	0.997
>CATAAATC	22-CATAAATC	8.725915	-166.326340	0	T:614.0(0.94%),B:266.6(0.41%),P:1e-72	Tpos:103.0,Tstd:56.2,Bpos:94.1,Bstd:59.0,StrandBias:0.2,Multiplicity:1.01
0.001	0.997	0.001	0.001
0.902	0.001	0.096	0.001
0.001	0.001	0.001	0.997
0.997	0.001	0.001	0.001
0.997	0.001	0.001	0.001
0.997	0.001	0.001	0.001
0.001	0.001	0.001	0.997
0.001	0.997	0.001	0.001
>MCYASCGG	23-MCYASCGG	5.306680	-165.494910	0	T:15124.0(23.15%),B:13102.8(20.28%),P:1e-71	Tpos:99.6,Tstd:56.1,Bpos:100.4,Bstd:59.7,StrandBias:-0.0,Multiplicity:1.28
0.287	0.380	0.178	0.156
0.001	0.997	0.001	0.001
0.001	0.484	0.151	0.364
0.441	0.087	0.229	0.243
0.001	0.357	0.464	0.178
0.238	0.520	0.001	0.241
0.111	0.263	0.625	0.001
0.001	0.116	0.871	0.012
>GGAGGGGC	24-GGAGGGGC	7.091031	-159.873472	0	T:11519.0(17.63%),B:9760.4(15.11%),P:1e-69	Tpos:100.2,Tstd:56.0,Bpos:95.5,Bstd:57.1,StrandBias:-0.0,Multiplicity:1.32
0.018	0.017	0.964	0.001
0.024	0.001	0.974	0.001
0.556	0.369	0.001	0.074
0.056	0.001	0.942	0.001
0.023	0.001	0.963	0.013
0.058	0.019	0.901	0.022
0.018	0.043	0.938	0.001
0.069	0.882	0.001	0.048
>GCGGTTAT	25-GCGGTTAT	8.236954	-42.395493	0	T:74.0(0.11%),B:21.6(0.03%),P:1e-18	Tpos:87.7,Tstd:55.7,Bpos:113.3,Bstd:36.3,StrandBias:-0.3,Multiplicity:1.00
0.100	0.100	0.700	0.100
0.100	0.700	0.100	0.100
0.100	0.100	0.700	0.100
0.100	0.100	0.700	0.100
0.100	0.100	0.100	0.700
0.100	0.100	0.100	0.700
0.700	0.100	0.100	0.100
0.100	0.100	0.100	0.700
