>AAGAGGAAGT	1-AAGAGGAAGT	6.882296	-7099.169516	0	T:21452.0(32.84%),B:9271.9(14.35%),P:1e-3083	Tpos:100.7,Tstd:54.5,Bpos:100.0,Bstd:60.3,StrandBias:0.0,Multiplicity:1.21
0.622	0.137	0.147	0.094
0.610	0.001	0.203	0.186
0.221	0.297	0.482	0.001
0.835	0.001	0.163	0.001
0.001	0.001	0.997	0.001
0.001	0.001	0.997	0.001
0.997	0.001	0.001	0.001
0.997	0.001	0.001	0.001
0.298	0.076	0.625	0.001
0.016	0.291	0.001	0.692
>ATGASTCAYN	2-ATGASTCAYN	7.301869	-4378.171040	0	T:8093.0(12.39%),B:2389.1(3.70%),P:1e-1901	Tpos:99.5,Tstd:54.1,Bpos:99.6,Bstd:60.8,StrandBias:-0.0,Multiplicity:1.10
0.445	0.184	0.295	0.076
0.001	0.004	0.001	0.994
0.010	0.015	0.764	0.211
0.981	0.001	0.001	0.017
0.065	0.367	0.504	0.064
0.021	0.001	0.001	0.977
0.252	0.729	0.001	0.018
0.971	0.001	0.017	0.011
0.051	0.449	0.164	0.335
0.260	0.304	0.196	0.240
>ACTTCCKGTH	3-ACTTCCKGTH	5.916883	-3238.762821	0	T:24381.0(37.33%),B:15040.9(23.28%),P:1e-1406	Tpos:100.0,Tstd:55.3,Bpos:100.2,Bstd:60.9,StrandBias:-0.0,Multiplicity:1.15
0.570	0.077	0.293	0.060
0.001	0.892	0.106	0.001
0.341	0.001	0.005	0.653
0.001	0.001	0.259	0.739
0.001	0.816	0.055	0.128
0.001	0.989	0.001	0.009
0.031	0.020	0.441	0.508
0.179	0.156	0.537	0.128
0.199	0.252	0.067	0.482
0.226	0.302	0.113	0.359
>STTCCBBTTT	4-STTCCBBTTT	7.373211	-3177.041982	0	T:8532.0(13.06%),B:3222.1(4.99%),P:1e-1379	Tpos:99.4,Tstd:55.1,Bpos:100.7,Bstd:61.1,StrandBias:0.0,Multiplicity:1.05
0.030	0.366	0.504	0.100
0.016	0.022	0.027	0.935
0.022	0.032	0.046	0.900
0.069	0.714	0.025	0.192
0.008	0.653	0.068	0.271
0.109	0.375	0.284	0.233
0.095	0.282	0.312	0.312
0.357	0.057	0.017	0.569
0.182	0.040	0.113	0.665
0.077	0.041	0.030	0.852
>GATGASTCAT	5-GATGASTCAT	6.294900	-3001.477299	0	T:8565.0(13.11%),B:3347.2(5.18%),P:1e-1303	Tpos:98.9,Tstd:55.4,Bpos:98.7,Bstd:58.7,StrandBias:0.0,Multiplicity:1.03
0.226	0.175	0.392	0.207
0.479	0.313	0.111	0.097
0.010	0.193	0.001	0.796
0.165	0.055	0.617	0.163
0.706	0.042	0.057	0.195
0.180	0.334	0.313	0.173
0.141	0.080	0.039	0.740
0.140	0.731	0.003	0.126
0.920	0.013	0.066	0.001
0.135	0.009	0.277	0.579
>NYTGTGGTTW	6-NYTGTGGTTW	6.446999	-2580.319733	0	T:15369.0(23.53%),B:8507.4(13.17%),P:1e-1120	Tpos:100.0,Tstd:54.8,Bpos:99.9,Bstd:58.6,StrandBias:0.0,Multiplicity:1.19
0.199	0.253	0.217	0.331
0.238	0.255	0.113	0.395
0.116	0.144	0.068	0.672
0.001	0.001	0.997	0.001
0.076	0.084	0.001	0.839
0.001	0.001	0.997	0.001
0.001	0.001	0.997	0.001
0.001	0.192	0.083	0.724
0.124	0.198	0.091	0.587
0.367	0.032	0.202	0.399
>NRTTGCGCAA	7-NRTTGCGCAA	6.810287	-2314.784829	0	T:6766.0(10.36%),B:2655.6(4.11%),P:1e-1005	Tpos:100.1,Tstd:54.2,Bpos:101.2,Bstd:60.0,StrandBias:0.0,Multiplicity:1.10
0.229	0.163	0.309	0.298
0.410	0.165	0.387	0.038
0.006	0.009	0.004	0.981
0.001	0.001	0.048	0.950
0.274	0.015	0.505	0.206
0.107	0.597	0.070	0.226
0.270	0.056	0.571	0.103
0.191	0.508	0.031	0.270
0.907	0.085	0.001	0.007
0.985	0.003	0.007	0.005
>GGAAACNVCY	8-GGAAACNVCY	5.718882	-1578.756193	0	T:21184.0(32.43%),B:14749.4(22.83%),P:1e-685	Tpos:100.1,Tstd:55.3,Bpos:100.4,Bstd:60.6,StrandBias:0.0,Multiplicity:1.15
0.075	0.010	0.879	0.036
0.025	0.158	0.781	0.036
0.763	0.179	0.001	0.057
0.997	0.001	0.001	0.001
0.948	0.050	0.001	0.001
0.020	0.597	0.063	0.320
0.282	0.278	0.238	0.202
0.231	0.221	0.361	0.186
0.141	0.530	0.148	0.181
0.158	0.413	0.103	0.326
>GGAAGTGAAA	9-GGAAGTGAAA	9.042189	-1228.275056	0	T:2896.0(4.43%),B:983.1(1.52%),P:1e-533	Tpos:99.5,Tstd:55.8,Bpos:99.4,Bstd:62.6,StrandBias:0.0,Multiplicity:1.03
0.117	0.003	0.879	0.001
0.211	0.001	0.787	0.001
0.997	0.001	0.001	0.001
0.969	0.001	0.001	0.029
0.050	0.209	0.725	0.016
0.001	0.004	0.001	0.994
0.009	0.001	0.986	0.004
0.977	0.004	0.012	0.007
0.883	0.061	0.026	0.030
0.988	0.005	0.001	0.006
>TTGCAWCATH	10-TTGCAWCATH	8.015876	-1063.820353	0	T:4343.0(6.65%),B:1986.8(3.07%),P:1e-462	Tpos:100.2,Tstd:54.9,Bpos:99.3,Bstd:61.3,StrandBias:0.1,Multiplicity:1.06
0.017	0.006	0.001	0.976
0.001	0.001	0.001	0.997
0.307	0.001	0.481	0.211
0.001	0.945	0.001	0.053
0.522	0.114	0.241	0.123
0.452	0.001	0.001	0.546
0.001	0.997	0.001	0.001
0.997	0.001	0.001	0.001
0.001	0.359	0.098	0.542
0.294	0.361	0.067	0.279
>GTCATAAATC	11-GTCATAAATC	4.990875	-963.615986	0	T:23934.0(36.64%),B:18546.8(28.70%),P:1e-418	Tpos:99.7,Tstd:55.6,Bpos:99.1,Bstd:59.5,StrandBias:-0.0,Multiplicity:1.28
0.045	0.113	0.808	0.034
0.027	0.001	0.039	0.933
0.020	0.656	0.276	0.048
0.997	0.001	0.001	0.001
0.001	0.313	0.003	0.683
0.427	0.096	0.241	0.236
0.524	0.204	0.077	0.195
0.375	0.188	0.216	0.221
0.258	0.063	0.236	0.442
0.172	0.496	0.131	0.200
>CCMTCTRGTG	12-CCMTCTRGTG	8.944535	-627.962358	0	T:2223.0(3.40%),B:944.8(1.46%),P:1e-272	Tpos:100.1,Tstd:61.3,Bpos:100.3,Bstd:57.8,StrandBias:-0.1,Multiplicity:1.02
0.104	0.894	0.001	0.001
0.001	0.997	0.001	0.001
0.445	0.553	0.001	0.001
0.001	0.395	0.001	0.603
0.001	0.997	0.001	0.001
0.001	0.001	0.001	0.997
0.453	0.001	0.479	0.067
0.001	0.220	0.778	0.001
0.001	0.124	0.001	0.874
0.001	0.001	0.997	0.001
>STTMCYCAAW	13-STTMCYCAAW	9.058566	-613.099639	0	T:1413.0(2.16%),B:470.9(0.73%),P:1e-266	Tpos:99.3,Tstd:55.8,Bpos:99.4,Bstd:58.6,StrandBias:0.1,Multiplicity:1.01
0.118	0.423	0.450	0.009
0.060	0.038	0.030	0.872
0.048	0.001	0.001	0.950
0.445	0.543	0.011	0.001
0.010	0.868	0.071	0.051
0.033	0.380	0.208	0.379
0.090	0.820	0.046	0.044
0.567	0.050	0.001	0.382
0.787	0.067	0.087	0.059
0.394	0.048	0.027	0.531
>CNCAGATAAG	14-CNCAGATAAG	7.474497	-437.412692	0	T:3691.0(5.65%),B:2181.5(3.38%),P:1e-189	Tpos:100.2,Tstd:53.8,Bpos:100.8,Bstd:60.5,StrandBias:0.1,Multiplicity:1.04
0.178	0.447	0.197	0.178
0.190	0.245	0.285	0.280
0.183	0.447	0.203	0.166
0.710	0.043	0.001	0.246
0.002	0.001	0.996	0.001
0.809	0.114	0.004	0.073
0.018	0.001	0.001	0.980
0.779	0.027	0.011	0.183
0.936	0.058	0.001	0.005
0.091	0.094	0.785	0.030
>GTTGCTAARC	15-GTTGCTAARC	5.859907	-387.960871	0	T:4277.0(6.55%),B:2715.1(4.20%),P:1e-168	Tpos:98.3,Tstd:56.2,Bpos:97.0,Bstd:60.7,StrandBias:0.0,Multiplicity:1.03
0.247	0.156	0.522	0.075
0.050	0.320	0.045	0.585
0.059	0.084	0.155	0.702
0.156	0.047	0.731	0.066
0.078	0.582	0.221	0.119
0.054	0.311	0.030	0.605
0.530	0.070	0.086	0.314
0.552	0.137	0.213	0.098
0.409	0.105	0.332	0.154
0.163	0.417	0.202	0.217
>AAACAGCTGT	16-AAACAGCTGT	7.041020	-339.355684	0	T:4580.0(7.01%),B:3047.4(4.72%),P:1e-147	Tpos:99.6,Tstd:55.1,Bpos:102.3,Bstd:61.8,StrandBias:-0.1,Multiplicity:1.03
0.736	0.059	0.077	0.128
0.764	0.098	0.065	0.073
0.744	0.102	0.084	0.070
0.056	0.813	0.073	0.058
0.861	0.043	0.042	0.054
0.060	0.036	0.841	0.063
0.085	0.841	0.025	0.049
0.064	0.062	0.062	0.812
0.026	0.074	0.840	0.060
0.075	0.099	0.075	0.751
>RGCCCCRCCC	17-RGCCCCRCCC	7.193595	-322.245022	0	T:10905.0(16.69%),B:8552.8(13.24%),P:1e-139	Tpos:100.1,Tstd:55.2,Bpos:96.2,Bstd:56.2,StrandBias:0.0,Multiplicity:1.28
0.436	0.001	0.516	0.047
0.403	0.001	0.595	0.001
0.001	0.514	0.293	0.192
0.190	0.581	0.001	0.228
0.263	0.502	0.001	0.234
0.306	0.671	0.001	0.022
0.350	0.001	0.471	0.178
0.001	0.997	0.001	0.001
0.001	0.997	0.001	0.001
0.001	0.794	0.001	0.204
>CTCTGCGGAT	18-CTCTGCGGAT	5.993157	-260.858205	0	T:8473.0(12.97%),B:6583.4(10.19%),P:1e-113	Tpos:100.3,Tstd:56.1,Bpos:98.7,Bstd:60.2,StrandBias:0.0,Multiplicity:1.07
0.148	0.733	0.036	0.083
0.221	0.084	0.135	0.560
0.053	0.842	0.033	0.072
0.214	0.057	0.091	0.638
0.029	0.193	0.747	0.031
0.210	0.519	0.136	0.135
0.134	0.082	0.625	0.159
0.055	0.139	0.700	0.106
0.412	0.217	0.203	0.168
0.193	0.185	0.181	0.440
>CCATGGTAAC	19-CCATGGTAAC	8.190483	-217.458021	0	T:1078.0(1.65%),B:530.9(0.82%),P:1e-94	Tpos:99.1,Tstd:53.8,Bpos:98.3,Bstd:54.3,StrandBias:0.0,Multiplicity:1.08
0.001	0.997	0.001	0.001
0.001	0.932	0.002	0.065
0.832	0.043	0.023	0.102
0.001	0.048	0.001	0.950
0.030	0.033	0.918	0.019
0.001	0.001	0.880	0.118
0.031	0.214	0.015	0.740
0.858	0.012	0.001	0.129
0.969	0.029	0.001	0.001
0.001	0.997	0.001	0.001
>NVWRACGTCA	20-NVWRACGTCA	5.117451	-216.370117	0	T:3056.0(4.68%),B:2047.2(3.17%),P:1e-93	Tpos:101.8,Tstd:56.1,Bpos:96.5,Bstd:60.5,StrandBias:0.0,Multiplicity:1.03
0.256	0.235	0.284	0.225
0.232	0.337	0.260	0.171
0.319	0.187	0.041	0.453
0.281	0.118	0.385	0.217
0.608	0.017	0.352	0.023
0.016	0.659	0.015	0.310
0.285	0.030	0.536	0.149
0.194	0.268	0.016	0.522
0.157	0.551	0.037	0.255
0.565	0.019	0.244	0.172
>ATTGCCTAAT	21-ATTGCCTAAT	9.101399	-207.851830	0	T:637.0(0.98%),B:251.3(0.39%),P:1e-90	Tpos:100.7,Tstd:58.3,Bpos:90.5,Bstd:60.1,StrandBias:-0.2,Multiplicity:1.00
0.714	0.237	0.047	0.002
0.012	0.001	0.116	0.871
0.128	0.053	0.028	0.791
0.047	0.012	0.939	0.002
0.001	0.802	0.196	0.001
0.009	0.738	0.252	0.001
0.234	0.047	0.069	0.650
0.890	0.051	0.058	0.001
0.856	0.114	0.028	0.002
0.002	0.202	0.039	0.757
>YSCGATTGGC	22-YSCGATTGGC	6.634427	-179.608690	0	T:4691.0(7.18%),B:3515.5(5.44%),P:1e-78	Tpos:100.2,Tstd:55.3,Bpos:94.2,Bstd:57.9,StrandBias:0.0,Multiplicity:1.10
0.034	0.324	0.216	0.426
0.126	0.471	0.332	0.071
0.001	0.528	0.196	0.275
0.232	0.235	0.477	0.056
0.782	0.055	0.093	0.070
0.049	0.030	0.118	0.803
0.001	0.001	0.001	0.997
0.001	0.001	0.978	0.020
0.001	0.001	0.994	0.004
0.105	0.600	0.112	0.183
>CCGCTAGGGG	23-CCGCTAGGGG	6.690259	-159.302748	0	T:6304.0(9.65%),B:5002.7(7.74%),P:1e-69	Tpos:99.4,Tstd:56.1,Bpos:98.2,Bstd:59.4,StrandBias:0.0,Multiplicity:1.10
0.048	0.796	0.079	0.077
0.072	0.823	0.052	0.053
0.085	0.029	0.796	0.090
0.033	0.836	0.073	0.058
0.091	0.072	0.086	0.751
0.785	0.084	0.088	0.043
0.070	0.042	0.852	0.036
0.066	0.011	0.867	0.056
0.097	0.102	0.734	0.067
0.084	0.072	0.761	0.083
>GTCGTTTAGC	24-GTCGTTTAGC	11.076121	-70.134942	0	T:49.0(0.08%),B:5.9(0.01%),P:1e-30	Tpos:111.7,Tstd:49.6,Bpos:123.5,Bstd:51.7,StrandBias:0.1,Multiplicity:1.00
0.001	0.001	0.997	0.001
0.001	0.066	0.278	0.655
0.001	0.997	0.001	0.001
0.001	0.001	0.753	0.245
0.001	0.001	0.065	0.933
0.196	0.001	0.001	0.802
0.124	0.001	0.001	0.874
0.607	0.196	0.196	0.001
0.001	0.001	0.997	0.001
0.001	0.976	0.001	0.022
>AACTCTGYGG	25-AACTCTGYGG	10.571392	-39.108878	0	T:119.0(0.18%),B:48.1(0.07%),P:1e-16	Tpos:86.2,Tstd:55.1,Bpos:134.8,Bstd:55.0,StrandBias:-0.2,Multiplicity:1.00
0.977	0.007	0.001	0.015
0.947	0.015	0.030	0.008
0.001	0.840	0.158	0.001
0.001	0.271	0.065	0.663
0.007	0.925	0.001	0.067
0.022	0.159	0.182	0.637
0.007	0.001	0.985	0.007
0.031	0.492	0.001	0.477
0.008	0.119	0.865	0.008
0.001	0.001	0.715	0.283
