>VAGGAART	1-VAGGAART	6.816438	-6180.805579	0	T:24499.0(37.51%),B:12193.2(18.87%),P:1e-2684	Tpos:100.4,Tstd:55.1,Bpos:100.4,Bstd:61.5,StrandBias:0.0,Multiplicity:1.24
0.255	0.358	0.368	0.019
0.686	0.074	0.207	0.033
0.085	0.002	0.895	0.018
0.019	0.023	0.946	0.012
0.983	0.015	0.001	0.001
0.942	0.004	0.001	0.053
0.352	0.141	0.497	0.010
0.017	0.264	0.038	0.681
>TGAGTCAT	2-TGAGTCAT	6.717107	-4125.739476	0	T:9095.0(13.92%),B:3053.4(4.73%),P:1e-1791	Tpos:99.6,Tstd:54.7,Bpos:99.5,Bstd:61.3,StrandBias:-0.0,Multiplicity:1.11
0.001	0.004	0.001	0.994
0.001	0.001	0.935	0.063
0.981	0.003	0.001	0.015
0.055	0.217	0.672	0.056
0.001	0.001	0.001	0.997
0.029	0.969	0.001	0.001
0.997	0.001	0.001	0.001
0.020	0.151	0.115	0.714
>AKTTCCTY	3-AKTTCCTY	5.248578	-3768.315297	0	T:40796.0(62.46%),B:29428.5(45.54%),P:1e-1636	Tpos:100.2,Tstd:55.7,Bpos:100.2,Bstd:61.3,StrandBias:0.0,Multiplicity:1.28
0.507	0.129	0.357	0.007
0.010	0.140	0.435	0.415
0.032	0.010	0.001	0.957
0.051	0.019	0.001	0.929
0.008	0.981	0.001	0.010
0.050	0.911	0.015	0.024
0.111	0.188	0.190	0.511
0.180	0.289	0.134	0.396
>ATGACTCA	4-ATGACTCA	5.662461	-2774.903918	0	T:19519.0(29.88%),B:11575.6(17.91%),P:1e-1205	Tpos:100.3,Tstd:55.6,Bpos:100.6,Bstd:60.6,StrandBias:0.0,Multiplicity:1.15
0.450	0.242	0.276	0.031
0.001	0.018	0.007	0.974
0.033	0.010	0.791	0.166
0.965	0.014	0.014	0.007
0.077	0.575	0.045	0.303
0.091	0.075	0.335	0.500
0.127	0.534	0.036	0.303
0.875	0.036	0.001	0.088
>TGTGGTTW	5-TGTGGTTW	6.009196	-2380.923791	0	T:17279.0(26.45%),B:10247.2(15.86%),P:1e-1034	Tpos:100.1,Tstd:55.3,Bpos:100.0,Bstd:58.7,StrandBias:0.0,Multiplicity:1.21
0.082	0.057	0.055	0.806
0.013	0.001	0.968	0.018
0.063	0.087	0.001	0.849
0.001	0.027	0.919	0.053
0.051	0.001	0.947	0.001
0.027	0.354	0.084	0.535
0.201	0.182	0.017	0.600
0.373	0.010	0.124	0.492
>TTCCGCTT	6-TTCCGCTT	5.233955	-2235.210121	0	T:15922.0(24.38%),B:9341.7(14.46%),P:1e-970	Tpos:100.9,Tstd:55.9,Bpos:99.5,Bstd:62.4,StrandBias:0.0,Multiplicity:1.13
0.097	0.078	0.096	0.729
0.105	0.140	0.150	0.605
0.100	0.608	0.090	0.202
0.125	0.716	0.064	0.095
0.110	0.172	0.586	0.132
0.044	0.453	0.283	0.220
0.150	0.112	0.089	0.649
0.128	0.101	0.119	0.652
>CTTCCKGT	7-CTTCCKGT	6.373957	-1859.392702	0	T:14947.0(22.88%),B:9043.3(14.00%),P:1e-807	Tpos:99.5,Tstd:56.4,Bpos:99.2,Bstd:62.5,StrandBias:-0.0,Multiplicity:1.05
0.036	0.637	0.165	0.162
0.195	0.036	0.042	0.727
0.001	0.001	0.112	0.886
0.064	0.768	0.046	0.122
0.041	0.957	0.001	0.001
0.001	0.001	0.505	0.493
0.001	0.052	0.816	0.131
0.068	0.139	0.072	0.721
>TTATGCAA	8-TTATGCAA	5.646682	-1808.913944	0	T:12769.0(19.55%),B:7381.7(11.42%),P:1e-785	Tpos:99.8,Tstd:55.2,Bpos:99.5,Bstd:61.1,StrandBias:0.0,Multiplicity:1.19
0.001	0.001	0.004	0.994
0.001	0.007	0.133	0.859
0.509	0.025	0.356	0.110
0.064	0.034	0.050	0.852
0.001	0.001	0.997	0.001
0.033	0.929	0.001	0.037
0.997	0.001	0.001	0.001
0.997	0.001	0.001	0.001
>TGAGWCAT	9-TGAGWCAT	6.564323	-1209.623734	0	T:12417.0(19.01%),B:7932.0(12.28%),P:1e-525	Tpos:99.8,Tstd:56.7,Bpos:100.2,Bstd:59.9,StrandBias:-0.0,Multiplicity:1.07
0.216	0.176	0.001	0.607
0.001	0.001	0.622	0.376
0.524	0.198	0.001	0.277
0.001	0.126	0.872	0.001
0.407	0.001	0.056	0.536
0.347	0.626	0.026	0.001
0.997	0.001	0.001	0.001
0.001	0.001	0.001	0.997
>TTACGWAA	10-TTACGWAA	5.144062	-821.583244	0	T:20230.0(30.97%),B:15517.1(24.01%),P:1e-356	Tpos:100.7,Tstd:55.4,Bpos:99.7,Bstd:60.2,StrandBias:0.0,Multiplicity:1.15
0.081	0.001	0.001	0.917
0.001	0.001	0.242	0.756
0.739	0.001	0.001	0.259
0.001	0.997	0.001	0.001
0.152	0.138	0.709	0.001
0.279	0.149	0.199	0.373
0.714	0.283	0.002	0.001
0.997	0.001	0.001	0.001
>TGTGGTNA	11-TGTGGTNA	4.807631	-787.895421	0	T:26481.0(40.54%),B:21408.4(33.13%),P:1e-342	Tpos:100.0,Tstd:55.9,Bpos:100.3,Bstd:59.8,StrandBias:-0.0,Multiplicity:1.17
0.048	0.281	0.121	0.550
0.119	0.095	0.664	0.122
0.043	0.132	0.001	0.824
0.022	0.137	0.728	0.113
0.273	0.080	0.601	0.046
0.030	0.119	0.184	0.667
0.324	0.214	0.187	0.275
0.905	0.093	0.001	0.001
>GTGACWDC	12-GTGACWDC	5.646213	-650.607778	0	T:19834.0(30.36%),B:15626.1(24.18%),P:1e-282	Tpos:100.3,Tstd:56.3,Bpos:98.9,Bstd:61.4,StrandBias:0.0,Multiplicity:1.22
0.382	0.001	0.616	0.001
0.001	0.001	0.001	0.997
0.001	0.110	0.737	0.152
0.997	0.001	0.001	0.001
0.001	0.948	0.001	0.050
0.384	0.081	0.189	0.346
0.249	0.001	0.364	0.386
0.001	0.521	0.315	0.163
>AAGTGAAA	13-AAGTGAAA	6.910104	-569.137376	0	T:5119.0(7.84%),B:3091.3(4.78%),P:1e-247	Tpos:100.5,Tstd:56.4,Bpos:100.3,Bstd:63.1,StrandBias:-0.0,Multiplicity:1.05
0.997	0.001	0.001	0.001
0.971	0.027	0.001	0.001
0.001	0.381	0.617	0.001
0.001	0.001	0.001	0.997
0.001	0.001	0.997	0.001
0.997	0.001	0.001	0.001
0.932	0.066	0.001	0.001
0.997	0.001	0.001	0.001
>TCTTATCT	14-TCTTATCT	6.873485	-443.545716	0	T:4318.0(6.61%),B:2657.0(4.11%),P:1e-192	Tpos:100.1,Tstd:54.0,Bpos:101.1,Bstd:61.1,StrandBias:-0.0,Multiplicity:1.05
0.042	0.264	0.220	0.475
0.001	0.932	0.066	0.001
0.001	0.001	0.001	0.997
0.001	0.001	0.001	0.997
0.997	0.001	0.001	0.001
0.001	0.001	0.001	0.997
0.001	0.997	0.001	0.001
0.073	0.001	0.012	0.914
>CAKCTGKY	15-CAKCTGKY	6.458698	-415.309260	0	T:15336.0(23.48%),B:12249.3(18.96%),P:1e-180	Tpos:99.3,Tstd:56.2,Bpos:100.1,Bstd:61.4,StrandBias:-0.0,Multiplicity:1.12
0.001	0.743	0.171	0.085
0.641	0.001	0.108	0.250
0.001	0.001	0.524	0.474
0.360	0.638	0.001	0.001
0.001	0.001	0.001	0.997
0.001	0.001	0.997	0.001
0.001	0.209	0.387	0.403
0.159	0.371	0.004	0.466
>CTGGCAGC	16-CTGGCAGC	5.472796	-405.321915	0	T:16526.0(25.30%),B:13373.6(20.70%),P:1e-176	Tpos:100.5,Tstd:56.1,Bpos:100.2,Bstd:60.9,StrandBias:0.0,Multiplicity:1.17
0.001	0.730	0.095	0.174
0.047	0.001	0.001	0.951
0.014	0.001	0.947	0.038
0.001	0.105	0.832	0.062
0.001	0.986	0.001	0.012
0.943	0.001	0.035	0.021
0.088	0.015	0.896	0.001
0.051	0.781	0.061	0.107
>CAGGATGT	17-CAGGATGT	8.668542	-268.739232	0	T:2525.0(3.87%),B:1533.3(2.37%),P:1e-116	Tpos:100.7,Tstd:54.9,Bpos:102.1,Bstd:59.0,StrandBias:0.0,Multiplicity:1.02
0.001	0.842	0.156	0.001
0.874	0.124	0.001	0.001
0.001	0.001	0.997	0.001
0.001	0.001	0.997	0.001
0.997	0.001	0.001	0.001
0.001	0.001	0.001	0.997
0.001	0.001	0.997	0.001
0.001	0.135	0.001	0.863
>CCGCAGAG	18-CCGCAGAG	6.626761	-237.358201	0	T:8542.0(13.08%),B:6723.6(10.41%),P:1e-103	Tpos:99.5,Tstd:56.2,Bpos:99.4,Bstd:61.1,StrandBias:0.0,Multiplicity:1.08
0.062	0.909	0.001	0.028
0.026	0.863	0.036	0.075
0.149	0.069	0.635	0.147
0.001	0.949	0.031	0.019
0.894	0.001	0.031	0.074
0.015	0.001	0.968	0.016
0.997	0.001	0.001	0.001
0.062	0.001	0.917	0.020
>CGCCCTCT	19-CGCCCTCT	6.807112	-225.939211	0	T:7265.0(11.12%),B:5626.7(8.71%),P:1e-98	Tpos:100.8,Tstd:57.2,Bpos:98.5,Bstd:58.6,StrandBias:0.0,Multiplicity:1.10
0.054	0.723	0.049	0.174
0.046	0.001	0.952	0.001
0.001	0.956	0.001	0.042
0.017	0.959	0.014	0.010
0.044	0.912	0.011	0.033
0.001	0.273	0.001	0.725
0.017	0.960	0.001	0.022
0.020	0.027	0.001	0.952
>GGTTGCTA	20-GGTTGCTA	6.785171	-211.338356	0	T:3948.0(6.04%),B:2797.1(4.33%),P:1e-91	Tpos:98.0,Tstd:56.3,Bpos:99.1,Bstd:61.2,StrandBias:0.1,Multiplicity:1.03
0.143	0.072	0.668	0.117
0.038	0.095	0.866	0.001
0.001	0.038	0.001	0.960
0.001	0.001	0.001	0.997
0.043	0.001	0.846	0.110
0.018	0.947	0.018	0.017
0.001	0.034	0.001	0.964
0.895	0.023	0.057	0.025
>AGAGAAGT	21-AGAGAAGT	8.506132	-182.914891	0	T:2887.0(4.42%),B:1978.2(3.06%),P:1e-79	Tpos:101.2,Tstd:56.2,Bpos:102.0,Bstd:62.6,StrandBias:-0.1,Multiplicity:1.02
0.625	0.001	0.373	0.001
0.001	0.001	0.997	0.001
0.965	0.033	0.001	0.001
0.001	0.001	0.997	0.001
0.871	0.127	0.001	0.001
0.997	0.001	0.001	0.001
0.001	0.001	0.997	0.001
0.001	0.001	0.001	0.997
>CATAAATC	22-CATAAATC	8.725915	-166.326340	0	T:614.0(0.94%),B:266.6(0.41%),P:1e-72	Tpos:103.0,Tstd:56.2,Bpos:94.1,Bstd:59.0,StrandBias:0.2,Multiplicity:1.01
0.001	0.997	0.001	0.001
0.902	0.001	0.096	0.001
0.001	0.001	0.001	0.997
0.997	0.001	0.001	0.001
0.997	0.001	0.001	0.001
0.997	0.001	0.001	0.001
0.001	0.001	0.001	0.997
0.001	0.997	0.001	0.001
>MCYASCGG	23-MCYASCGG	5.306680	-165.494910	0	T:15124.0(23.15%),B:13102.8(20.28%),P:1e-71	Tpos:99.6,Tstd:56.1,Bpos:100.4,Bstd:59.7,StrandBias:-0.0,Multiplicity:1.28
0.287	0.380	0.178	0.156
0.001	0.997	0.001	0.001
0.001	0.484	0.151	0.364
0.441	0.087	0.229	0.243
0.001	0.357	0.464	0.178
0.238	0.520	0.001	0.241
0.111	0.263	0.625	0.001
0.001	0.116	0.871	0.012
>GGAGGGGC	24-GGAGGGGC	7.091031	-159.873472	0	T:11519.0(17.63%),B:9760.4(15.11%),P:1e-69	Tpos:100.2,Tstd:56.0,Bpos:95.5,Bstd:57.1,StrandBias:-0.0,Multiplicity:1.32
0.018	0.017	0.964	0.001
0.024	0.001	0.974	0.001
0.556	0.369	0.001	0.074
0.056	0.001	0.942	0.001
0.023	0.001	0.963	0.013
0.058	0.019	0.901	0.022
0.018	0.043	0.938	0.001
0.069	0.882	0.001	0.048
>GCGGTTAT	25-GCGGTTAT	8.236954	-42.395493	0	T:74.0(0.11%),B:21.6(0.03%),P:1e-18	Tpos:87.7,Tstd:55.7,Bpos:113.3,Bstd:36.3,StrandBias:-0.3,Multiplicity:1.00
0.100	0.100	0.700	0.100
0.100	0.700	0.100	0.100
0.100	0.100	0.700	0.100
0.100	0.100	0.700	0.100
0.100	0.100	0.100	0.700
0.100	0.100	0.100	0.700
0.700	0.100	0.100	0.100
0.100	0.100	0.100	0.700
