>HACTTCCTCTTT	1-HACTTCCTCTTT	7.326752	-7239.078361	0	T:18168.0(27.81%),B:6964.3(10.78%),P:1e-3143	Tpos:100.2,Tstd:54.0,Bpos:100.4,Bstd:59.1,StrandBias:-0.0,Multiplicity:1.18
0.251	0.379	0.110	0.260
0.738	0.021	0.194	0.047
0.001	0.654	0.157	0.188
0.001	0.001	0.001	0.997
0.001	0.001	0.001	0.997
0.001	0.997	0.001	0.001
0.001	0.958	0.001	0.040
0.004	0.245	0.006	0.745
0.017	0.516	0.212	0.255
0.206	0.199	0.001	0.594
0.164	0.127	0.062	0.647
0.194	0.169	0.086	0.551
>NNATGABTCATN	2-NNATGABTCATN	8.019449	-4162.201882	0	T:6125.0(9.38%),B:1486.3(2.30%),P:1e-1807	Tpos:99.6,Tstd:53.6,Bpos:100.0,Bstd:59.7,StrandBias:0.0,Multiplicity:1.07
0.237	0.208	0.261	0.293
0.244	0.169	0.289	0.298
0.420	0.231	0.213	0.136
0.001	0.001	0.001	0.997
0.001	0.001	0.817	0.181
0.931	0.001	0.001	0.067
0.162	0.298	0.338	0.202
0.001	0.001	0.001	0.997
0.026	0.972	0.001	0.001
0.997	0.001	0.001	0.001
0.120	0.234	0.220	0.426
0.274	0.255	0.185	0.286
>HATTGTGCAATA	3-HATTGTGCAATA	7.509718	-2205.385299	0	T:6276.0(9.61%),B:2421.2(3.75%),P:1e-957	Tpos:99.5,Tstd:53.7,Bpos:101.1,Bstd:60.1,StrandBias:-0.0,Multiplicity:1.11
0.278	0.202	0.178	0.342
0.580	0.088	0.313	0.019
0.001	0.001	0.001	0.997
0.001	0.001	0.001	0.997
0.204	0.001	0.565	0.230
0.151	0.001	0.003	0.845
0.001	0.001	0.997	0.001
0.349	0.531	0.001	0.119
0.997	0.001	0.001	0.001
0.997	0.001	0.001	0.001
0.002	0.302	0.118	0.578
0.432	0.191	0.110	0.266
>NVWAACCACARA	4-NVWAACCACARA	7.257221	-2193.671241	0	T:10387.0(15.90%),B:5182.9(8.02%),P:1e-952	Tpos:100.1,Tstd:53.7,Bpos:100.2,Bstd:58.0,StrandBias:-0.0,Multiplicity:1.12
0.328	0.202	0.199	0.271
0.257	0.322	0.280	0.141
0.401	0.220	0.019	0.361
0.687	0.020	0.255	0.038
0.642	0.092	0.265	0.001
0.001	0.961	0.037	0.001
0.001	0.997	0.001	0.001
0.834	0.059	0.013	0.094
0.001	0.997	0.001	0.001
0.939	0.001	0.001	0.059
0.305	0.120	0.412	0.163
0.448	0.153	0.259	0.140
>GYTTCCTGYSNN	5-GYTTCCTGYSNN	8.310997	-1659.323005	0	T:8469.0(12.97%),B:4314.7(6.68%),P:1e-720	Tpos:99.8,Tstd:53.9,Bpos:100.2,Bstd:60.3,StrandBias:-0.0,Multiplicity:1.07
0.149	0.229	0.510	0.112
0.001	0.428	0.001	0.570
0.001	0.001	0.001	0.997
0.001	0.001	0.001	0.997
0.001	0.987	0.001	0.011
0.001	0.997	0.001	0.001
0.001	0.001	0.001	0.997
0.001	0.020	0.848	0.131
0.209	0.299	0.072	0.419
0.189	0.359	0.331	0.121
0.273	0.264	0.255	0.208
0.271	0.266	0.194	0.269
>GGAAGTGACTSA	6-GGAAGTGACTSA	7.374449	-1242.096856	0	T:7737.0(11.84%),B:4218.9(6.53%),P:1e-539	Tpos:100.1,Tstd:56.1,Bpos:101.2,Bstd:60.3,StrandBias:0.0,Multiplicity:1.05
0.200	0.001	0.737	0.062
0.109	0.081	0.809	0.001
0.781	0.158	0.060	0.001
0.888	0.001	0.094	0.017
0.232	0.101	0.666	0.001
0.102	0.001	0.116	0.781
0.078	0.109	0.728	0.085
0.749	0.045	0.141	0.065
0.055	0.711	0.161	0.073
0.304	0.044	0.015	0.637
0.091	0.466	0.322	0.121
0.629	0.094	0.059	0.218
>GRAASTGAAAST	7-GRAASTGAAAST	10.406824	-1240.213931	0	T:1718.0(2.63%),B:385.0(0.60%),P:1e-538	Tpos:96.7,Tstd:54.7,Bpos:101.4,Bstd:63.1,StrandBias:-0.0,Multiplicity:1.04
0.240	0.018	0.711	0.031
0.466	0.010	0.498	0.026
0.988	0.008	0.001	0.003
0.943	0.001	0.002	0.054
0.097	0.451	0.426	0.026
0.178	0.007	0.007	0.808
0.002	0.003	0.994	0.001
0.924	0.004	0.071	0.001
0.894	0.035	0.054	0.017
0.939	0.001	0.033	0.027
0.090	0.410	0.460	0.039
0.126	0.228	0.063	0.583
>TATTGCATCATH	8-TATTGCATCATH	8.282808	-1163.533766	0	T:3920.0(6.00%),B:1635.4(2.53%),P:1e-505	Tpos:99.4,Tstd:54.3,Bpos:98.8,Bstd:61.0,StrandBias:0.1,Multiplicity:1.05
0.217	0.155	0.141	0.486
0.539	0.215	0.196	0.050
0.029	0.033	0.001	0.937
0.003	0.001	0.037	0.959
0.124	0.005	0.526	0.345
0.027	0.967	0.001	0.005
0.692	0.152	0.001	0.155
0.320	0.045	0.021	0.614
0.001	0.961	0.026	0.012
0.988	0.001	0.001	0.010
0.020	0.309	0.144	0.527
0.366	0.265	0.079	0.290
>ACTTCTGCTTTT	9-ACTTCTGCTTTT	10.170426	-1088.339085	0	T:1577.0(2.41%),B:368.1(0.57%),P:1e-472	Tpos:98.9,Tstd:54.2,Bpos:98.0,Bstd:60.5,StrandBias:0.1,Multiplicity:1.02
0.728	0.053	0.134	0.085
0.019	0.724	0.256	0.001
0.001	0.047	0.005	0.947
0.020	0.001	0.004	0.975
0.012	0.986	0.001	0.001
0.034	0.084	0.004	0.878
0.095	0.304	0.596	0.005
0.029	0.613	0.068	0.290
0.235	0.136	0.004	0.625
0.206	0.011	0.013	0.770
0.109	0.183	0.104	0.604
0.105	0.277	0.079	0.539
>ATGCTTAGTCAT	10-ATGCTTAGTCAT	8.424864	-998.582397	0	T:2681.0(4.10%),B:984.4(1.52%),P:1e-433	Tpos:97.7,Tstd:54.3,Bpos:96.6,Bstd:59.6,StrandBias:0.1,Multiplicity:1.02
0.433	0.204	0.114	0.249
0.089	0.001	0.064	0.846
0.023	0.073	0.826	0.078
0.072	0.866	0.011	0.051
0.184	0.048	0.001	0.767
0.149	0.100	0.247	0.504
0.672	0.001	0.063	0.264
0.036	0.176	0.715	0.073
0.017	0.002	0.001	0.980
0.070	0.894	0.020	0.016
0.970	0.013	0.001	0.016
0.057	0.137	0.042	0.764
>AGGAAACAGHTG	11-AGGAAACAGHTG	10.113233	-897.337849	0	T:1698.0(2.60%),B:493.6(0.76%),P:1e-389	Tpos:99.4,Tstd:52.4,Bpos:101.4,Bstd:61.2,StrandBias:0.0,Multiplicity:1.02
0.776	0.042	0.058	0.124
0.001	0.001	0.997	0.001
0.001	0.072	0.926	0.001
0.960	0.001	0.038	0.001
0.947	0.001	0.001	0.051
0.742	0.044	0.213	0.001
0.001	0.867	0.001	0.131
0.940	0.017	0.001	0.042
0.001	0.190	0.635	0.174
0.308	0.332	0.176	0.184
0.192	0.008	0.001	0.799
0.137	0.154	0.496	0.213
>CACYAGAKGGCR	12-CACYAGAKGGCR	10.024786	-824.908778	0	T:1276.0(1.95%),B:315.7(0.49%),P:1e-358	Tpos:98.9,Tstd:62.9,Bpos:99.7,Bstd:59.2,StrandBias:0.0,Multiplicity:1.01
0.114	0.884	0.001	0.001
0.786	0.033	0.001	0.180
0.001	0.566	0.380	0.053
0.187	0.463	0.001	0.349
0.997	0.001	0.001	0.001
0.052	0.001	0.946	0.001
0.634	0.059	0.303	0.004
0.079	0.001	0.436	0.484
0.001	0.001	0.997	0.001
0.067	0.001	0.658	0.274
0.160	0.743	0.085	0.012
0.469	0.047	0.321	0.163
>GCCCCCTRGTGG	13-GCCCCCTRGTGG	9.718850	-643.154686	0	T:1806.0(2.76%),B:678.7(1.05%),P:1e-279	Tpos:101.4,Tstd:59.6,Bpos:100.6,Bstd:55.8,StrandBias:0.2,Multiplicity:1.02
0.241	0.002	0.659	0.098
0.001	0.989	0.009	0.001
0.001	0.996	0.001	0.002
0.304	0.603	0.068	0.025
0.001	0.680	0.001	0.318
0.001	0.997	0.001	0.001
0.122	0.100	0.020	0.758
0.428	0.116	0.418	0.038
0.001	0.290	0.697	0.012
0.281	0.099	0.073	0.547
0.001	0.001	0.997	0.001
0.001	0.001	0.997	0.001
>ACATTGCGTAAT	14-ACATTGCGTAAT	6.984645	-570.089603	0	T:4492.0(6.88%),B:2608.6(4.04%),P:1e-247	Tpos:99.8,Tstd:54.9,Bpos:100.0,Bstd:57.6,StrandBias:0.0,Multiplicity:1.03
0.781	0.063	0.082	0.074
0.126	0.710	0.088	0.076
0.820	0.052	0.026	0.102
0.065	0.076	0.072	0.787
0.048	0.016	0.049	0.887
0.091	0.051	0.755	0.103
0.146	0.587	0.121	0.146
0.130	0.175	0.538	0.157
0.110	0.087	0.063	0.740
0.812	0.072	0.044	0.072
0.852	0.041	0.050	0.057
0.099	0.080	0.091	0.730
>NTGATGACTAAT	15-NTGATGACTAAT	7.911281	-450.057445	0	T:2604.0(3.99%),B:1361.0(2.11%),P:1e-195	Tpos:98.8,Tstd:54.2,Bpos:99.1,Bstd:56.4,StrandBias:-0.1,Multiplicity:1.03
0.258	0.309	0.224	0.208
0.203	0.001	0.115	0.681
0.099	0.115	0.623	0.163
0.499	0.257	0.158	0.085
0.015	0.001	0.001	0.983
0.006	0.001	0.934	0.059
0.969	0.006	0.002	0.023
0.052	0.447	0.281	0.220
0.014	0.007	0.001	0.978
0.745	0.001	0.173	0.081
0.767	0.034	0.115	0.084
0.204	0.135	0.133	0.528
>NACAGCTGTTTN	16-NACAGCTGTTTN	6.161312	-403.655546	0	T:8139.0(12.46%),B:5891.5(9.12%),P:1e-175	Tpos:100.0,Tstd:54.7,Bpos:102.5,Bstd:61.3,StrandBias:0.1,Multiplicity:1.07
0.264	0.261	0.242	0.233
0.470	0.147	0.207	0.176
0.183	0.587	0.168	0.062
0.706	0.002	0.005	0.287
0.120	0.028	0.658	0.194
0.157	0.687	0.023	0.133
0.236	0.003	0.002	0.759
0.033	0.171	0.580	0.216
0.112	0.211	0.114	0.563
0.080	0.196	0.192	0.532
0.161	0.156	0.179	0.504
0.221	0.245	0.241	0.293
>TTACGAAACCAC	17-TTACGAAACCAC	8.121798	-338.848140	0	T:1393.0(2.13%),B:633.3(0.98%),P:1e-147	Tpos:98.8,Tstd:54.9,Bpos:98.1,Bstd:55.6,StrandBias:0.1,Multiplicity:1.01
0.064	0.098	0.048	0.790
0.082	0.081	0.093	0.744
0.682	0.119	0.091	0.108
0.179	0.527	0.175	0.119
0.174	0.120	0.596	0.110
0.787	0.076	0.068	0.069
0.873	0.060	0.033	0.034
0.852	0.053	0.055	0.040
0.119	0.728	0.076	0.077
0.068	0.854	0.028	0.050
0.831	0.061	0.036	0.072
0.100	0.735	0.086	0.079
>ACAGGATGTGGK	18-ACAGGATGTGGK	11.229288	-334.230063	0	T:511.0(0.78%),B:125.1(0.19%),P:1e-145	Tpos:100.5,Tstd:51.9,Bpos:104.0,Bstd:52.1,StrandBias:0.1,Multiplicity:1.00
0.641	0.049	0.192	0.118
0.114	0.664	0.221	0.001
0.997	0.001	0.001	0.001
0.001	0.001	0.997	0.001
0.008	0.087	0.901	0.004
0.946	0.052	0.001	0.001
0.001	0.001	0.001	0.997
0.001	0.001	0.997	0.001
0.001	0.001	0.001	0.997
0.001	0.001	0.899	0.099
0.229	0.001	0.554	0.216
0.062	0.229	0.417	0.292
>CTGTTGCCACAT	19-CTGTTGCCACAT	7.612175	-290.364260	0	T:2776.0(4.25%),B:1694.4(2.62%),P:1e-126	Tpos:98.4,Tstd:55.5,Bpos:101.0,Bstd:58.8,StrandBias:-0.0,Multiplicity:1.02
0.084	0.749	0.067	0.100
0.111	0.037	0.044	0.808
0.046	0.101	0.746	0.107
0.085	0.161	0.085	0.669
0.080	0.047	0.089	0.784
0.078	0.091	0.695	0.136
0.087	0.738	0.066	0.109
0.063	0.832	0.029	0.076
0.791	0.081	0.040	0.088
0.090	0.744	0.103	0.063
0.749	0.095	0.048	0.108
0.097	0.079	0.129	0.695
>GTTCCTCAAATG	20-GTTCCTCAAATG	10.376484	-232.351028	0	T:195.0(0.30%),B:25.8(0.04%),P:1e-100	Tpos:97.0,Tstd:52.3,Bpos:82.4,Bstd:53.4,StrandBias:0.2,Multiplicity:1.00
0.001	0.001	0.997	0.001
0.001	0.001	0.302	0.696
0.001	0.001	0.001	0.997
0.001	0.997	0.001	0.001
0.001	0.997	0.001	0.001
0.001	0.001	0.001	0.997
0.001	0.997	0.001	0.001
0.997	0.001	0.001	0.001
0.997	0.001	0.001	0.001
0.997	0.001	0.001	0.001
0.353	0.001	0.001	0.645
0.039	0.144	0.809	0.008
>HGGCCCCGCCCH	21-HGGCCCCGCCCH	8.204186	-204.404960	0	T:7014.0(10.74%),B:5475.4(8.47%),P:1e-88	Tpos:99.9,Tstd:54.5,Bpos:93.3,Bstd:54.8,StrandBias:0.0,Multiplicity:1.27
0.341	0.277	0.179	0.204
0.245	0.115	0.560	0.080
0.107	0.001	0.879	0.013
0.001	0.892	0.100	0.007
0.111	0.717	0.026	0.146
0.163	0.752	0.043	0.042
0.146	0.693	0.009	0.152
0.241	0.001	0.582	0.176
0.001	0.992	0.006	0.001
0.001	0.975	0.016	0.008
0.006	0.981	0.012	0.001
0.332	0.254	0.115	0.298
>TGCCATGGCAAC	22-TGCCATGGCAAC	9.904787	-192.187523	0	T:628.0(0.96%),B:256.1(0.40%),P:1e-83	Tpos:100.5,Tstd:53.1,Bpos:93.9,Bstd:55.1,StrandBias:-0.1,Multiplicity:1.02
0.076	0.111	0.027	0.786
0.129	0.067	0.703	0.101
0.043	0.832	0.001	0.124
0.001	0.899	0.004	0.096
0.778	0.120	0.034	0.068
0.061	0.012	0.066	0.861
0.138	0.001	0.858	0.003
0.027	0.019	0.950	0.004
0.119	0.718	0.080	0.083
0.913	0.032	0.052	0.003
0.808	0.001	0.098	0.093
0.024	0.809	0.046	0.121
>WGGGGAAGYCCC	23-WGGGGAAGYCCC	7.991601	-176.929271	0	T:2957.0(4.53%),B:2049.5(3.17%),P:1e-76	Tpos:101.3,Tstd:54.5,Bpos:99.7,Bstd:57.0,StrandBias:-0.0,Multiplicity:1.03
0.361	0.157	0.161	0.321
0.095	0.001	0.827	0.077
0.014	0.001	0.984	0.001
0.031	0.001	0.967	0.001
0.366	0.061	0.572	0.001
0.513	0.285	0.201	0.001
0.550	0.127	0.118	0.205
0.162	0.117	0.459	0.263
0.023	0.489	0.088	0.400
0.001	0.911	0.001	0.087
0.040	0.920	0.001	0.039
0.119	0.820	0.001	0.060
>GGCAGGCTGCCA	24-GGCAGGCTGCCA	8.289809	-131.415472	0	T:2562.0(3.92%),B:1826.1(2.83%),P:1e-57	Tpos:100.3,Tstd:54.3,Bpos:101.0,Bstd:56.7,StrandBias:0.0,Multiplicity:1.03
0.100	0.041	0.816	0.043
0.051	0.071	0.840	0.038
0.051	0.810	0.133	0.006
0.565	0.022	0.058	0.355
0.032	0.040	0.872	0.056
0.014	0.280	0.673	0.033
0.065	0.772	0.137	0.026
0.339	0.045	0.046	0.570
0.009	0.058	0.878	0.055
0.032	0.794	0.121	0.053
0.059	0.875	0.049	0.017
0.720	0.053	0.026	0.201
>GGNTTGTGTAAG	25-GGNTTGTGTAAG	9.819949	-103.417292	0	T:58.0(0.09%),B:4.5(0.01%),P:1e-44	Tpos:114.8,Tstd:53.9,Bpos:84.6,Bstd:32.6,StrandBias:-0.6,Multiplicity:1.00
0.001	0.001	0.997	0.001
0.001	0.001	0.997	0.001
0.238	0.238	0.298	0.226
0.001	0.001	0.001	0.997
0.001	0.001	0.001	0.997
0.001	0.001	0.997	0.001
0.001	0.001	0.001	0.997
0.001	0.001	0.997	0.001
0.001	0.001	0.001	0.997
0.993	0.005	0.001	0.001
0.997	0.001	0.001	0.001
0.001	0.001	0.997	0.001
