>AAVAGGAART	1-AAVAGGAART	6.520346	-1713.783599	0	T:8153.0(33.18%),B:4438.5(17.67%),P:1e-744	Tpos:100.3,Tstd:55.6,Bpos:98.7,Bstd:60.7,StrandBias:-0.0,Multiplicity:1.24
0.417	0.169	0.194	0.219
0.418	0.093	0.236	0.253
0.320	0.369	0.262	0.049
0.552	0.149	0.260	0.039
0.009	0.001	0.989	0.001
0.144	0.001	0.854	0.001
0.902	0.076	0.021	0.001
0.906	0.001	0.001	0.092
0.361	0.210	0.422	0.007
0.069	0.344	0.093	0.494
>VTGASTCATH	2-VTGASTCATH	7.381878	-968.492937	0	T:2161.0(8.79%),B:743.2(2.96%),P:1e-420	Tpos:101.7,Tstd:57.4,Bpos:101.9,Bstd:57.8,StrandBias:-0.0,Multiplicity:1.09
0.394	0.277	0.261	0.067
0.001	0.001	0.001	0.997
0.025	0.030	0.762	0.183
0.972	0.004	0.001	0.023
0.120	0.310	0.459	0.111
0.001	0.007	0.001	0.991
0.238	0.735	0.016	0.011
0.975	0.004	0.001	0.020
0.036	0.266	0.216	0.481
0.280	0.342	0.170	0.208
>WAACCACADN	3-WAACCACADN	6.866449	-842.949775	0	T:3866.0(15.73%),B:1969.7(7.84%),P:1e-366	Tpos:99.5,Tstd:54.5,Bpos:99.9,Bstd:57.4,StrandBias:0.0,Multiplicity:1.14
0.455	0.096	0.034	0.415
0.682	0.098	0.108	0.112
0.718	0.128	0.153	0.001
0.020	0.945	0.034	0.001
0.039	0.947	0.001	0.013
0.914	0.001	0.031	0.054
0.001	0.876	0.054	0.069
0.802	0.121	0.001	0.076
0.321	0.045	0.323	0.312
0.275	0.308	0.216	0.201
>GTTCCTCTTT	4-GTTCCTCTTT	8.814686	-686.975141	0	T:1450.0(5.90%),B:476.9(1.90%),P:1e-298	Tpos:93.9,Tstd:56.9,Bpos:107.1,Bstd:59.3,StrandBias:0.0,Multiplicity:1.02
0.001	0.162	0.748	0.089
0.078	0.001	0.001	0.920
0.001	0.001	0.013	0.985
0.001	0.997	0.001	0.001
0.001	0.876	0.001	0.122
0.001	0.280	0.212	0.507
0.001	0.767	0.108	0.124
0.151	0.067	0.001	0.781
0.001	0.001	0.001	0.997
0.001	0.148	0.095	0.756
>TTRCGCAABH	5-TTRCGCAABH	7.470140	-657.020028	0	T:1696.0(6.90%),B:635.4(2.53%),P:1e-285	Tpos:97.8,Tstd:54.8,Bpos:102.9,Bstd:57.3,StrandBias:0.1,Multiplicity:1.10
0.001	0.001	0.001	0.997
0.001	0.001	0.001	0.997
0.308	0.001	0.453	0.238
0.122	0.540	0.031	0.307
0.310	0.064	0.507	0.119
0.220	0.470	0.001	0.309
0.997	0.001	0.001	0.001
0.997	0.001	0.001	0.001
0.008	0.305	0.269	0.417
0.376	0.262	0.124	0.237
>NNCWGATAAG	6-NNCWGATAAG	5.770571	-402.349047	0	T:1383.0(5.63%),B:603.8(2.40%),P:1e-174	Tpos:100.2,Tstd:52.4,Bpos:101.7,Bstd:60.6,StrandBias:-0.0,Multiplicity:1.05
0.212	0.257	0.263	0.269
0.261	0.242	0.250	0.247
0.196	0.397	0.229	0.178
0.497	0.033	0.023	0.447
0.098	0.021	0.724	0.157
0.531	0.158	0.158	0.153
0.166	0.126	0.119	0.589
0.557	0.113	0.110	0.220
0.740	0.086	0.095	0.079
0.137	0.246	0.608	0.009
>TTTCACTTCC	7-TTTCACTTCC	9.298340	-358.306430	0	T:757.0(3.08%),B:247.3(0.98%),P:1e-155	Tpos:98.4,Tstd:58.9,Bpos:99.9,Bstd:60.1,StrandBias:0.1,Multiplicity:1.02
0.001	0.001	0.001	0.997
0.025	0.001	0.028	0.946
0.001	0.016	0.001	0.982
0.001	0.977	0.001	0.021
0.997	0.001	0.001	0.001
0.033	0.738	0.211	0.018
0.032	0.001	0.001	0.966
0.001	0.040	0.013	0.946
0.034	0.864	0.028	0.074
0.017	0.809	0.009	0.165
>ATTRCKCAAC	8-ATTRCKCAAC	8.463043	-357.175485	0	T:841.0(3.42%),B:295.7(1.18%),P:1e-155	Tpos:101.9,Tstd:56.7,Bpos:94.1,Bstd:60.1,StrandBias:0.0,Multiplicity:1.03
0.780	0.001	0.218	0.001
0.001	0.001	0.001	0.997
0.001	0.001	0.001	0.997
0.412	0.001	0.426	0.161
0.256	0.497	0.246	0.001
0.149	0.180	0.379	0.291
0.001	0.997	0.001	0.001
0.997	0.001	0.001	0.001
0.997	0.001	0.001	0.001
0.001	0.645	0.001	0.353
>CTGTTGCAAC	9-CTGTTGCAAC	5.920329	-277.335244	0	T:2341.0(9.53%),B:1443.1(5.75%),P:1e-120	Tpos:98.9,Tstd:54.6,Bpos:97.4,Bstd:59.3,StrandBias:0.1,Multiplicity:1.06
0.265	0.441	0.204	0.090
0.169	0.058	0.087	0.686
0.161	0.109	0.608	0.122
0.091	0.119	0.079	0.711
0.129	0.043	0.160	0.668
0.113	0.060	0.739	0.088
0.144	0.628	0.076	0.152
0.622	0.199	0.060	0.119
0.689	0.057	0.108	0.146
0.083	0.529	0.146	0.242
>CAGCTGTTTC	10-CAGCTGTTTC	7.897986	-251.245036	0	T:725.0(2.95%),B:288.0(1.15%),P:1e-109	Tpos:104.4,Tstd:56.1,Bpos:105.5,Bstd:59.8,StrandBias:-0.0,Multiplicity:1.04
0.010	0.720	0.166	0.104
0.775	0.013	0.034	0.178
0.085	0.001	0.737	0.177
0.367	0.543	0.077	0.013
0.229	0.105	0.017	0.649
0.158	0.149	0.631	0.062
0.020	0.171	0.074	0.735
0.188	0.013	0.036	0.763
0.198	0.131	0.151	0.520
0.220	0.595	0.034	0.151
>ACTTCTGCTT	11-ACTTCTGCTT	10.171130	-226.478869	0	T:329.0(1.34%),B:80.4(0.32%),P:1e-98	Tpos:97.2,Tstd:59.2,Bpos:102.3,Bstd:67.7,StrandBias:-0.0,Multiplicity:1.01
0.997	0.001	0.001	0.001
0.001	0.866	0.132	0.001
0.001	0.001	0.043	0.955
0.001	0.001	0.001	0.997
0.001	0.997	0.001	0.001
0.001	0.001	0.001	0.997
0.001	0.169	0.829	0.001
0.001	0.997	0.001	0.001
0.108	0.001	0.001	0.890
0.001	0.077	0.001	0.921
>ACTTTCGGTT	12-ACTTTCGGTT	6.392759	-209.030879	0	T:2315.0(9.42%),B:1531.9(6.10%),P:1e-90	Tpos:101.2,Tstd:55.6,Bpos:99.4,Bstd:63.0,StrandBias:-0.0,Multiplicity:1.05
0.589	0.131	0.106	0.174
0.063	0.688	0.197	0.052
0.095	0.068	0.019	0.818
0.037	0.060	0.070	0.833
0.075	0.142	0.121	0.662
0.178	0.593	0.085	0.144
0.216	0.097	0.505	0.182
0.103	0.163	0.605	0.129
0.048	0.086	0.138	0.728
0.036	0.114	0.087	0.763
>KATGANGCAA	13-KATGANGCAA	7.337978	-185.136925	0	T:1039.0(4.23%),B:557.1(2.22%),P:1e-80	Tpos:98.8,Tstd:55.3,Bpos:99.7,Bstd:59.9,StrandBias:-0.2,Multiplicity:1.03
0.130	0.177	0.355	0.338
0.565	0.144	0.283	0.008
0.001	0.001	0.123	0.875
0.001	0.001	0.735	0.263
0.752	0.001	0.246	0.001
0.259	0.305	0.207	0.229
0.125	0.114	0.502	0.259
0.101	0.533	0.001	0.365
0.978	0.020	0.001	0.001
0.896	0.001	0.102	0.001
>CTGCCGGAAA	14-CTGCCGGAAA	4.835968	-166.014999	0	T:9627.0(39.18%),B:8458.6(33.68%),P:1e-72	Tpos:100.3,Tstd:55.3,Bpos:98.6,Bstd:61.4,StrandBias:-0.0,Multiplicity:1.26
0.077	0.734	0.091	0.098
0.102	0.105	0.123	0.670
0.064	0.126	0.715	0.095
0.082	0.728	0.106	0.084
0.136	0.679	0.100	0.085
0.154	0.101	0.616	0.129
0.087	0.105	0.763	0.045
0.705	0.096	0.093	0.106
0.702	0.096	0.126	0.076
0.691	0.103	0.114	0.092
>TTTGAGGAAC	15-TTTGAGGAAC	10.245845	-141.242565	0	T:226.0(0.92%),B:60.3(0.24%),P:1e-61	Tpos:104.6,Tstd:58.9,Bpos:90.0,Bstd:58.3,StrandBias:0.0,Multiplicity:1.01
0.001	0.001	0.001	0.997
0.009	0.001	0.001	0.989
0.001	0.001	0.001	0.997
0.001	0.001	0.997	0.001
0.933	0.001	0.065	0.001
0.001	0.001	0.997	0.001
0.001	0.102	0.857	0.040
0.957	0.001	0.001	0.041
0.997	0.001	0.001	0.001
0.001	0.841	0.157	0.001
>TAACCACGGG	16-TAACCACGGG	5.424494	-140.965946	0	T:7587.0(30.88%),B:6566.3(26.15%),P:1e-61	Tpos:100.1,Tstd:55.3,Bpos:100.8,Bstd:58.1,StrandBias:0.0,Multiplicity:1.24
0.110	0.123	0.183	0.584
0.637	0.108	0.155	0.100
0.592	0.200	0.206	0.002
0.044	0.944	0.008	0.004
0.039	0.926	0.012	0.023
0.532	0.176	0.242	0.050
0.135	0.566	0.123	0.176
0.207	0.028	0.501	0.264
0.131	0.011	0.847	0.011
0.051	0.038	0.903	0.008
>STTTCGGTTT	17-STTTCGGTTT	10.318705	-111.030183	0	T:65.0(0.26%),B:5.3(0.02%),P:1e-48	Tpos:97.6,Tstd:58.8,Bpos:83.0,Bstd:66.8,StrandBias:0.0,Multiplicity:1.00
0.091	0.391	0.517	0.001
0.001	0.001	0.365	0.633
0.001	0.001	0.001	0.997
0.365	0.001	0.001	0.633
0.001	0.997	0.001	0.001
0.001	0.001	0.997	0.001
0.142	0.001	0.856	0.001
0.001	0.001	0.001	0.997
0.001	0.001	0.001	0.997
0.001	0.001	0.001	0.997
>GCCATAAATC	18-GCCATAAATC	7.514615	-82.576728	0	T:432.0(1.76%),B:226.1(0.90%),P:1e-35	Tpos:102.7,Tstd:53.6,Bpos:96.5,Bstd:55.2,StrandBias:-0.1,Multiplicity:1.02
0.104	0.086	0.773	0.037
0.075	0.691	0.033	0.201
0.072	0.796	0.034	0.098
0.909	0.021	0.020	0.050
0.086	0.101	0.041	0.772
0.809	0.036	0.049	0.106
0.835	0.075	0.043	0.047
0.800	0.112	0.038	0.050
0.026	0.081	0.070	0.823
0.042	0.795	0.065	0.098
>AGATGTTATC	19-AGATGTTATC	10.694210	-57.249824	0	T:39.0(0.16%),B:4.5(0.02%),P:1e-24	Tpos:104.6,Tstd:57.9,Bpos:91.9,Bstd:58.8,StrandBias:0.5,Multiplicity:1.00
0.938	0.060	0.001	0.001
0.001	0.001	0.997	0.001
0.997	0.001	0.001	0.001
0.001	0.001	0.001	0.997
0.001	0.001	0.997	0.001
0.001	0.001	0.001	0.997
0.001	0.001	0.280	0.718
0.997	0.001	0.001	0.001
0.001	0.001	0.001	0.997
0.001	0.997	0.001	0.001
>ACAAAGGGTG	20-ACAAAGGGTG	8.086867	-50.037508	0	T:96.0(0.39%),B:30.2(0.12%),P:1e-21	Tpos:90.7,Tstd:56.1,Bpos:106.3,Bstd:55.8,StrandBias:0.2,Multiplicity:1.01
0.997	0.001	0.001	0.001
0.001	0.976	0.001	0.022
0.997	0.001	0.001	0.001
0.997	0.001	0.001	0.001
0.997	0.001	0.001	0.001
0.001	0.001	0.997	0.001
0.051	0.001	0.947	0.001
0.001	0.152	0.846	0.001
0.001	0.001	0.001	0.997
0.001	0.001	0.997	0.001
>TTCCTGTGAG	21-TTCCTGTGAG	10.296193	-46.612808	0	T:49.0(0.20%),B:9.9(0.04%),P:1e-20	Tpos:88.0,Tstd:52.7,Bpos:148.7,Bstd:14.3,StrandBias:0.0,Multiplicity:1.00
0.100	0.100	0.100	0.700
0.100	0.100	0.100	0.700
0.100	0.700	0.100	0.100
0.100	0.700	0.100	0.100
0.100	0.100	0.100	0.700
0.100	0.100	0.700	0.100
0.100	0.100	0.100	0.700
0.100	0.100	0.700	0.100
0.700	0.100	0.100	0.100
0.100	0.100	0.700	0.100
>AGTTGCTGTT	22-AGTTGCTGTT	8.478075	-43.833008	0	T:33.0(0.13%),B:4.2(0.02%),P:1e-19	Tpos:103.2,Tstd:57.7,Bpos:124.7,Bstd:39.7,StrandBias:0.2,Multiplicity:1.00
0.997	0.001	0.001	0.001
0.001	0.001	0.997	0.001
0.001	0.001	0.001	0.997
0.001	0.327	0.001	0.671
0.001	0.001	0.997	0.001
0.001	0.997	0.001	0.001
0.001	0.007	0.321	0.671
0.001	0.001	0.997	0.001
0.001	0.001	0.001	0.997
0.001	0.001	0.001	0.997
>ACGACTTGCA	23-ACGACTTGCA	11.792199	-43.335703	0	T:39.0(0.16%),B:7.0(0.03%),P:1e-18	Tpos:90.4,Tstd:48.3,Bpos:124.2,Bstd:48.7,StrandBias:0.4,Multiplicity:1.00
0.997	0.001	0.001	0.001
0.001	0.699	0.001	0.299
0.001	0.001	0.997	0.001
0.997	0.001	0.001	0.001
0.001	0.856	0.001	0.142
0.001	0.001	0.001	0.997
0.001	0.001	0.001	0.997
0.001	0.001	0.586	0.412
0.001	0.856	0.142	0.001
0.997	0.001	0.001	0.001
>TGTGACTTCA	24-TGTGACTTCA	9.233836	-34.030925	0	T:80.0(0.33%),B:29.5(0.12%),P:1e-14	Tpos:113.3,Tstd:57.4,Bpos:122.6,Bstd:69.1,StrandBias:0.9,Multiplicity:1.00
0.001	0.001	0.001	0.997
0.001	0.001	0.997	0.001
0.001	0.001	0.001	0.997
0.001	0.001	0.997	0.001
0.861	0.001	0.137	0.001
0.001	0.997	0.001	0.001
0.001	0.001	0.001	0.997
0.001	0.001	0.001	0.997
0.001	0.997	0.001	0.001
0.925	0.001	0.073	0.001
>TCACCATGAC	25-TCACCATGAC	11.595649	-22.186461	0	T:22.0(0.09%),B:4.7(0.02%),P:1e-9	Tpos:108.8,Tstd:51.5,Bpos:133.3,Bstd:11.1,StrandBias:-0.3,Multiplicity:1.00
0.056	0.003	0.208	0.733
0.040	0.792	0.075	0.093
0.753	0.003	0.067	0.177
0.091	0.767	0.112	0.030
0.051	0.645	0.096	0.208
0.802	0.001	0.158	0.039
0.093	0.028	0.035	0.844
0.084	0.001	0.892	0.023
0.914	0.027	0.021	0.038
0.106	0.868	0.017	0.009
