>VAGGAAGT	1-VAGGAAGT	6.673223	-1565.734663	0	T:7382.0(30.04%),B:3965.3(15.79%),P:1e-679	Tpos:100.9,Tstd:56.2,Bpos:99.3,Bstd:60.7,StrandBias:0.0,Multiplicity:1.20
0.258	0.374	0.319	0.048
0.697	0.094	0.169	0.040
0.089	0.016	0.894	0.001
0.028	0.011	0.949	0.012
0.954	0.040	0.004	0.002
0.917	0.010	0.001	0.072
0.239	0.123	0.628	0.010
0.065	0.261	0.032	0.642
>TGTGGTTW	2-TGTGGTTW	5.555505	-810.091605	0	T:5089.0(20.71%),B:2942.2(11.72%),P:1e-351	Tpos:99.2,Tstd:55.2,Bpos:100.0,Bstd:59.1,StrandBias:-0.0,Multiplicity:1.19
0.019	0.023	0.001	0.957
0.001	0.001	0.997	0.001
0.016	0.001	0.001	0.982
0.001	0.001	0.997	0.001
0.001	0.001	0.997	0.001
0.011	0.021	0.013	0.955
0.081	0.059	0.022	0.838
0.475	0.045	0.092	0.389
>TGASTCAY	3-TGASTCAY	6.538772	-775.850031	0	T:2867.0(11.67%),B:1315.0(5.24%),P:1e-336	Tpos:101.4,Tstd:57.8,Bpos:102.3,Bstd:59.0,StrandBias:-0.0,Multiplicity:1.12
0.059	0.020	0.026	0.895
0.054	0.051	0.778	0.117
0.902	0.061	0.013	0.024
0.063	0.506	0.394	0.037
0.001	0.059	0.006	0.934
0.240	0.719	0.011	0.030
0.964	0.001	0.034	0.001
0.048	0.341	0.198	0.413
>AAGCGGAA	4-AAGCGGAA	6.831885	-691.620142	0	T:4192.0(17.06%),B:2373.8(9.45%),P:1e-300	Tpos:99.7,Tstd:56.6,Bpos:100.2,Bstd:62.8,StrandBias:0.1,Multiplicity:1.11
0.829	0.080	0.037	0.054
0.845	0.003	0.050	0.102
0.238	0.216	0.497	0.049
0.234	0.544	0.110	0.112
0.122	0.114	0.732	0.032
0.155	0.060	0.764	0.021
0.869	0.059	0.013	0.059
0.922	0.018	0.020	0.040
>CTTCCTGT	5-CTTCCTGT	8.094696	-593.564804	0	T:3295.0(13.41%),B:1793.3(7.14%),P:1e-257	Tpos:97.7,Tstd:55.7,Bpos:103.8,Bstd:60.2,StrandBias:-0.1,Multiplicity:1.04
0.001	0.831	0.001	0.167
0.097	0.001	0.001	0.901
0.001	0.001	0.001	0.997
0.001	0.997	0.001	0.001
0.001	0.997	0.001	0.001
0.001	0.001	0.001	0.997
0.126	0.001	0.872	0.001
0.101	0.178	0.001	0.720
>ATGATTCA	6-ATGATTCA	5.739424	-493.835219	0	T:4800.0(19.54%),B:3133.7(12.48%),P:1e-214	Tpos:98.7,Tstd:56.0,Bpos:98.1,Bstd:59.0,StrandBias:0.0,Multiplicity:1.07
0.630	0.070	0.299	0.001
0.001	0.001	0.001	0.997
0.033	0.001	0.965	0.001
0.997	0.001	0.001	0.001
0.082	0.238	0.065	0.615
0.083	0.001	0.159	0.757
0.143	0.786	0.001	0.070
0.766	0.070	0.163	0.001
>TTGCACAA	7-TTGCACAA	3.492302	-455.998748	0	T:4121.0(16.77%),B:2625.4(10.45%),P:1e-198	Tpos:98.6,Tstd:55.4,Bpos:100.6,Bstd:60.7,StrandBias:-0.0,Multiplicity:1.18
0.001	0.001	0.001	0.997
0.001	0.001	0.001	0.997
0.093	0.001	0.905	0.001
0.001	0.997	0.001	0.001
0.858	0.001	0.140	0.001
0.096	0.620	0.001	0.283
0.954	0.044	0.001	0.001
0.997	0.001	0.001	0.001
>AGATAAGA	8-AGATAAGA	6.199016	-401.655711	0	T:1532.0(6.23%),B:703.9(2.80%),P:1e-174	Tpos:99.8,Tstd:53.1,Bpos:100.5,Bstd:62.4,StrandBias:-0.0,Multiplicity:1.06
0.856	0.016	0.001	0.127
0.001	0.001	0.997	0.001
0.997	0.001	0.001	0.001
0.001	0.001	0.001	0.997
0.997	0.001	0.001	0.001
0.997	0.001	0.001	0.001
0.001	0.001	0.997	0.001
0.478	0.163	0.315	0.044
>NGTTTCCD	9-NGTTTCCD	5.621630	-396.263921	0	T:9157.0(37.27%),B:7273.2(28.96%),P:1e-172	Tpos:99.9,Tstd:55.8,Bpos:98.9,Bstd:61.7,StrandBias:0.0,Multiplicity:1.21
0.170	0.264	0.297	0.269
0.326	0.001	0.672	0.001
0.001	0.220	0.001	0.778
0.001	0.001	0.001	0.997
0.053	0.001	0.340	0.606
0.001	0.997	0.001	0.001
0.126	0.448	0.138	0.288
0.219	0.155	0.363	0.262
>TTGCCACA	10-TTGCCACA	4.883554	-319.252306	0	T:8473.0(34.48%),B:6825.4(27.18%),P:1e-138	Tpos:101.0,Tstd:56.1,Bpos:99.9,Bstd:59.6,StrandBias:-0.0,Multiplicity:1.16
0.077	0.116	0.073	0.734
0.100	0.077	0.100	0.723
0.126	0.068	0.725	0.081
0.054	0.770	0.059	0.117
0.141	0.742	0.081	0.036
0.790	0.027	0.117	0.066
0.096	0.702	0.124	0.078
0.817	0.045	0.060	0.078
>ATGAGGAA	11-ATGAGGAA	5.852326	-217.164923	0	T:3370.0(13.72%),B:2413.4(9.61%),P:1e-94	Tpos:99.7,Tstd:56.6,Bpos:98.9,Bstd:60.2,StrandBias:-0.0,Multiplicity:1.07
0.650	0.001	0.001	0.348
0.001	0.022	0.319	0.658
0.001	0.001	0.997	0.001
0.997	0.001	0.001	0.001
0.001	0.001	0.997	0.001
0.026	0.001	0.972	0.001
0.997	0.001	0.001	0.001
0.997	0.001	0.001	0.001
>RRCAGCTG	12-RRCAGCTG	5.894483	-203.201163	0	T:5841.0(23.77%),B:4684.0(18.65%),P:1e-88	Tpos:100.1,Tstd:55.8,Bpos:98.7,Bstd:61.8,StrandBias:0.0,Multiplicity:1.16
0.412	0.001	0.394	0.193
0.323	0.216	0.406	0.054
0.149	0.760	0.090	0.001
0.816	0.074	0.001	0.109
0.001	0.001	0.653	0.345
0.281	0.526	0.001	0.192
0.001	0.161	0.001	0.837
0.001	0.069	0.691	0.239
>WGTCATRM	13-WGTCATRM	6.951673	-197.720087	0	T:2588.0(10.53%),B:1781.2(7.09%),P:1e-85	Tpos:100.4,Tstd:56.4,Bpos:98.3,Bstd:59.5,StrandBias:-0.1,Multiplicity:1.06
0.492	0.001	0.094	0.413
0.001	0.001	0.997	0.001
0.001	0.001	0.001	0.997
0.001	0.997	0.001	0.001
0.997	0.001	0.001	0.001
0.001	0.204	0.146	0.649
0.542	0.002	0.421	0.035
0.461	0.395	0.143	0.001
>TTTCASTT	14-TTTCASTT	7.538911	-188.935633	0	T:1293.0(5.26%),B:743.4(2.96%),P:1e-82	Tpos:100.3,Tstd:56.9,Bpos:98.1,Bstd:61.1,StrandBias:0.1,Multiplicity:1.05
0.001	0.001	0.001	0.997
0.055	0.001	0.001	0.943
0.001	0.001	0.001	0.997
0.001	0.997	0.001	0.001
0.997	0.001	0.001	0.001
0.001	0.531	0.467	0.001
0.001	0.001	0.001	0.997
0.001	0.001	0.001	0.997
>GTTGCTAA	15-GTTGCTAA	6.565336	-136.464921	0	T:1934.0(7.87%),B:1349.5(5.37%),P:1e-59	Tpos:98.5,Tstd:56.4,Bpos:97.5,Bstd:61.6,StrandBias:0.0,Multiplicity:1.04
0.050	0.040	0.909	0.001
0.001	0.047	0.001	0.951
0.001	0.017	0.001	0.981
0.051	0.029	0.844	0.076
0.063	0.920	0.016	0.001
0.098	0.070	0.001	0.831
0.914	0.001	0.025	0.060
0.792	0.001	0.099	0.108
>CDTTATCD	16-CDTTATCD	6.363006	-101.558705	0	T:3003.0(12.22%),B:2385.7(9.50%),P:1e-44	Tpos:100.9,Tstd:56.2,Bpos:101.2,Bstd:59.6,StrandBias:-0.0,Multiplicity:1.08
0.001	0.624	0.057	0.318
0.233	0.030	0.369	0.368
0.001	0.001	0.001	0.997
0.129	0.001	0.001	0.869
0.997	0.001	0.001	0.001
0.001	0.001	0.227	0.771
0.001	0.997	0.001	0.001
0.391	0.001	0.244	0.364
>AAACCGCA	17-AAACCGCA	8.083292	-101.067066	0	T:303.0(1.23%),B:124.0(0.49%),P:1e-43	Tpos:92.8,Tstd:52.5,Bpos:95.7,Bstd:57.5,StrandBias:-0.1,Multiplicity:1.01
0.997	0.001	0.001	0.001
0.997	0.001	0.001	0.001
0.997	0.001	0.001	0.001
0.001	0.997	0.001	0.001
0.001	0.997	0.001	0.001
0.001	0.001	0.997	0.001
0.343	0.572	0.001	0.084
0.910	0.001	0.088	0.001
>CAGGATGT	18-CAGGATGT	7.635609	-88.670014	0	T:1032.0(4.20%),B:687.2(2.74%),P:1e-38	Tpos:101.0,Tstd:55.3,Bpos:97.9,Bstd:56.9,StrandBias:-0.0,Multiplicity:1.01
0.001	0.942	0.001	0.056
0.997	0.001	0.001	0.001
0.001	0.001	0.997	0.001
0.243	0.001	0.755	0.001
0.894	0.001	0.104	0.001
0.001	0.001	0.001	0.997
0.152	0.001	0.846	0.001
0.001	0.001	0.001	0.997
>TGAAATGT	19-TGAAATGT	7.425481	-70.935773	0	T:1575.0(6.41%),B:1193.5(4.75%),P:1e-30	Tpos:100.3,Tstd:55.9,Bpos:102.6,Bstd:61.1,StrandBias:0.0,Multiplicity:1.04
0.018	0.212	0.013	0.757
0.001	0.001	0.997	0.001
0.771	0.227	0.001	0.001
0.723	0.274	0.001	0.002
0.786	0.212	0.001	0.001
0.133	0.118	0.001	0.748
0.001	0.214	0.511	0.274
0.001	0.001	0.001	0.997
>NATTACCC	20-NATTACCC	5.928191	-69.664968	0	T:1234.0(5.02%),B:898.1(3.58%),P:1e-30	Tpos:99.4,Tstd:57.0,Bpos:97.0,Bstd:57.8,StrandBias:0.1,Multiplicity:1.02
0.154	0.301	0.275	0.270
0.642	0.001	0.356	0.001
0.001	0.125	0.154	0.720
0.172	0.001	0.089	0.738
0.588	0.001	0.001	0.410
0.037	0.640	0.237	0.086
0.084	0.583	0.248	0.085
0.240	0.502	0.257	0.001
>TGWCGTAA	21-TGWCGTAA	7.475399	-45.039387	0	T:249.0(1.01%),B:134.5(0.54%),P:1e-19	Tpos:101.8,Tstd:55.0,Bpos:83.0,Bstd:62.8,StrandBias:-0.1,Multiplicity:1.00
0.172	0.001	0.175	0.652
0.001	0.151	0.847	0.001
0.498	0.152	0.001	0.349
0.001	0.997	0.001	0.001
0.001	0.001	0.997	0.001
0.307	0.001	0.231	0.461
0.864	0.001	0.001	0.134
0.704	0.118	0.175	0.003
>CCCTAGCG	22-CCCTAGCG	5.703473	-42.523080	0	T:3095.0(12.60%),B:2712.0(10.80%),P:1e-18	Tpos:99.1,Tstd:56.9,Bpos:99.4,Bstd:60.3,StrandBias:-0.0,Multiplicity:1.15
0.001	0.897	0.101	0.001
0.001	0.997	0.001	0.001
0.097	0.835	0.018	0.050
0.040	0.045	0.044	0.871
0.806	0.108	0.042	0.044
0.057	0.042	0.821	0.080
0.001	0.948	0.025	0.026
0.001	0.058	0.859	0.082
>CGTATGAC	23-CGTATGAC	8.236954	-33.151836	0	T:21.0(0.09%),B:2.5(0.01%),P:1e-14	Tpos:93.0,Tstd:48.6,Bpos:78.3,Bstd:42.8,StrandBias:0.8,Multiplicity:1.00
0.100	0.700	0.100	0.100
0.100	0.100	0.700	0.100
0.100	0.100	0.100	0.700
0.700	0.100	0.100	0.100
0.100	0.100	0.100	0.700
0.100	0.100	0.700	0.100
0.700	0.100	0.100	0.100
0.100	0.700	0.100	0.100
>CCCGGGGA	24-CCCGGGGA	4.915646	-28.513933	0	T:9009.0(36.67%),B:8659.9(34.49%),P:1e-12	Tpos:100.2,Tstd:55.4,Bpos:99.4,Bstd:59.6,StrandBias:-0.0,Multiplicity:1.73
0.062	0.765	0.065	0.108
0.074	0.721	0.087	0.118
0.115	0.740	0.108	0.037
0.045	0.128	0.743	0.084
0.060	0.111	0.762	0.067
0.075	0.056	0.798	0.071
0.080	0.070	0.751	0.099
0.723	0.118	0.104	0.055
>ATACGGTT	25-ATACGGTT	8.236954	-5.907102	0	T:20.0(0.08%),B:10.2(0.04%),P:1e-2	Tpos:99.8,Tstd:53.4,Bpos:104.1,Bstd:42.5,StrandBias:0.0,Multiplicity:1.00
0.700	0.100	0.100	0.100
0.100	0.100	0.100	0.700
0.700	0.100	0.100	0.100
0.100	0.700	0.100	0.100
0.100	0.100	0.700	0.100
0.100	0.100	0.700	0.100
0.100	0.100	0.100	0.700
0.100	0.100	0.100	0.700
