>AAVAGGAART	1-AAVAGGAART	6.520346	-1713.783599	0	T:8153.0(33.18%),B:4438.5(17.67%),P:1e-744	Tpos:100.3,Tstd:55.6,Bpos:98.7,Bstd:60.7,StrandBias:-0.0,Multiplicity:1.24
0.417	0.169	0.194	0.219
0.418	0.093	0.236	0.253
0.320	0.369	0.262	0.049
0.552	0.149	0.260	0.039
0.009	0.001	0.989	0.001
0.144	0.001	0.854	0.001
0.902	0.076	0.021	0.001
0.906	0.001	0.001	0.092
0.361	0.210	0.422	0.007
0.069	0.344	0.093	0.494
>VTGASTCATH	2-VTGASTCATH	7.381878	-968.492937	0	T:2161.0(8.79%),B:743.2(2.96%),P:1e-420	Tpos:101.7,Tstd:57.4,Bpos:101.9,Bstd:57.8,StrandBias:-0.0,Multiplicity:1.09
0.394	0.277	0.261	0.067
0.001	0.001	0.001	0.997
0.025	0.030	0.762	0.183
0.972	0.004	0.001	0.023
0.120	0.310	0.459	0.111
0.001	0.007	0.001	0.991
0.238	0.735	0.016	0.011
0.975	0.004	0.001	0.020
0.036	0.266	0.216	0.481
0.280	0.342	0.170	0.208
>WAACCACADN	3-WAACCACADN	6.866449	-842.949775	0	T:3866.0(15.73%),B:1969.7(7.84%),P:1e-366	Tpos:99.5,Tstd:54.5,Bpos:99.9,Bstd:57.4,StrandBias:0.0,Multiplicity:1.14
0.455	0.096	0.034	0.415
0.682	0.098	0.108	0.112
0.718	0.128	0.153	0.001
0.020	0.945	0.034	0.001
0.039	0.947	0.001	0.013
0.914	0.001	0.031	0.054
0.001	0.876	0.054	0.069
0.802	0.121	0.001	0.076
0.321	0.045	0.323	0.312
0.275	0.308	0.216	0.201
>GTTCCTCTTT	4-GTTCCTCTTT	8.814686	-686.975141	0	T:1450.0(5.90%),B:476.9(1.90%),P:1e-298	Tpos:93.9,Tstd:56.9,Bpos:107.1,Bstd:59.3,StrandBias:0.0,Multiplicity:1.02
0.001	0.162	0.748	0.089
0.078	0.001	0.001	0.920
0.001	0.001	0.013	0.985
0.001	0.997	0.001	0.001
0.001	0.876	0.001	0.122
0.001	0.280	0.212	0.507
0.001	0.767	0.108	0.124
0.151	0.067	0.001	0.781
0.001	0.001	0.001	0.997
0.001	0.148	0.095	0.756
>TTRCGCAABH	5-TTRCGCAABH	7.470140	-657.020028	0	T:1696.0(6.90%),B:635.4(2.53%),P:1e-285	Tpos:97.8,Tstd:54.8,Bpos:102.9,Bstd:57.3,StrandBias:0.1,Multiplicity:1.10
0.001	0.001	0.001	0.997
0.001	0.001	0.001	0.997
0.308	0.001	0.453	0.238
0.122	0.540	0.031	0.307
0.310	0.064	0.507	0.119
0.220	0.470	0.001	0.309
0.997	0.001	0.001	0.001
0.997	0.001	0.001	0.001
0.008	0.305	0.269	0.417
0.376	0.262	0.124	0.237
>NNCWGATAAG	6-NNCWGATAAG	5.770571	-402.349047	0	T:1383.0(5.63%),B:603.8(2.40%),P:1e-174	Tpos:100.2,Tstd:52.4,Bpos:101.7,Bstd:60.6,StrandBias:-0.0,Multiplicity:1.05
0.212	0.257	0.263	0.269
0.261	0.242	0.250	0.247
0.196	0.397	0.229	0.178
0.497	0.033	0.023	0.447
0.098	0.021	0.724	0.157
0.531	0.158	0.158	0.153
0.166	0.126	0.119	0.589
0.557	0.113	0.110	0.220
0.740	0.086	0.095	0.079
0.137	0.246	0.608	0.009
>TTTCACTTCC	7-TTTCACTTCC	9.298340	-358.306430	0	T:757.0(3.08%),B:247.3(0.98%),P:1e-155	Tpos:98.4,Tstd:58.9,Bpos:99.9,Bstd:60.1,StrandBias:0.1,Multiplicity:1.02
0.001	0.001	0.001	0.997
0.025	0.001	0.028	0.946
0.001	0.016	0.001	0.982
0.001	0.977	0.001	0.021
0.997	0.001	0.001	0.001
0.033	0.738	0.211	0.018
0.032	0.001	0.001	0.966
0.001	0.040	0.013	0.946
0.034	0.864	0.028	0.074
0.017	0.809	0.009	0.165
>ATTRCKCAAC	8-ATTRCKCAAC	8.463043	-357.175485	0	T:841.0(3.42%),B:295.7(1.18%),P:1e-155	Tpos:101.9,Tstd:56.7,Bpos:94.1,Bstd:60.1,StrandBias:0.0,Multiplicity:1.03
0.780	0.001	0.218	0.001
0.001	0.001	0.001	0.997
0.001	0.001	0.001	0.997
0.412	0.001	0.426	0.161
0.256	0.497	0.246	0.001
0.149	0.180	0.379	0.291
0.001	0.997	0.001	0.001
0.997	0.001	0.001	0.001
0.997	0.001	0.001	0.001
0.001	0.645	0.001	0.353
>CTGTTGCAAC	9-CTGTTGCAAC	5.920329	-277.335244	0	T:2341.0(9.53%),B:1443.1(5.75%),P:1e-120	Tpos:98.9,Tstd:54.6,Bpos:97.4,Bstd:59.3,StrandBias:0.1,Multiplicity:1.06
0.265	0.441	0.204	0.090
0.169	0.058	0.087	0.686
0.161	0.109	0.608	0.122
0.091	0.119	0.079	0.711
0.129	0.043	0.160	0.668
0.113	0.060	0.739	0.088
0.144	0.628	0.076	0.152
0.622	0.199	0.060	0.119
0.689	0.057	0.108	0.146
0.083	0.529	0.146	0.242
>CAGCTGTTTC	10-CAGCTGTTTC	7.897986	-251.245036	0	T:725.0(2.95%),B:288.0(1.15%),P:1e-109	Tpos:104.4,Tstd:56.1,Bpos:105.5,Bstd:59.8,StrandBias:-0.0,Multiplicity:1.04
0.010	0.720	0.166	0.104
0.775	0.013	0.034	0.178
0.085	0.001	0.737	0.177
0.367	0.543	0.077	0.013
0.229	0.105	0.017	0.649
0.158	0.149	0.631	0.062
0.020	0.171	0.074	0.735
0.188	0.013	0.036	0.763
0.198	0.131	0.151	0.520
0.220	0.595	0.034	0.151
>ACTTCTGCTT	11-ACTTCTGCTT	10.171130	-226.478869	0	T:329.0(1.34%),B:80.4(0.32%),P:1e-98	Tpos:97.2,Tstd:59.2,Bpos:102.3,Bstd:67.7,StrandBias:-0.0,Multiplicity:1.01
0.997	0.001	0.001	0.001
0.001	0.866	0.132	0.001
0.001	0.001	0.043	0.955
0.001	0.001	0.001	0.997
0.001	0.997	0.001	0.001
0.001	0.001	0.001	0.997
0.001	0.169	0.829	0.001
0.001	0.997	0.001	0.001
0.108	0.001	0.001	0.890
0.001	0.077	0.001	0.921
>ACTTTCGGTT	12-ACTTTCGGTT	6.392759	-209.030879	0	T:2315.0(9.42%),B:1531.9(6.10%),P:1e-90	Tpos:101.2,Tstd:55.6,Bpos:99.4,Bstd:63.0,StrandBias:-0.0,Multiplicity:1.05
0.589	0.131	0.106	0.174
0.063	0.688	0.197	0.052
0.095	0.068	0.019	0.818
0.037	0.060	0.070	0.833
0.075	0.142	0.121	0.662
0.178	0.593	0.085	0.144
0.216	0.097	0.505	0.182
0.103	0.163	0.605	0.129
0.048	0.086	0.138	0.728
0.036	0.114	0.087	0.763
>KATGANGCAA	13-KATGANGCAA	7.337978	-185.136925	0	T:1039.0(4.23%),B:557.1(2.22%),P:1e-80	Tpos:98.8,Tstd:55.3,Bpos:99.7,Bstd:59.9,StrandBias:-0.2,Multiplicity:1.03
0.130	0.177	0.355	0.338
0.565	0.144	0.283	0.008
0.001	0.001	0.123	0.875
0.001	0.001	0.735	0.263
0.752	0.001	0.246	0.001
0.259	0.305	0.207	0.229
0.125	0.114	0.502	0.259
0.101	0.533	0.001	0.365
0.978	0.020	0.001	0.001
0.896	0.001	0.102	0.001
>CTGCCGGAAA	14-CTGCCGGAAA	4.835968	-166.014999	0	T:9627.0(39.18%),B:8458.6(33.68%),P:1e-72	Tpos:100.3,Tstd:55.3,Bpos:98.6,Bstd:61.4,StrandBias:-0.0,Multiplicity:1.26
0.077	0.734	0.091	0.098
0.102	0.105	0.123	0.670
0.064	0.126	0.715	0.095
0.082	0.728	0.106	0.084
0.136	0.679	0.100	0.085
0.154	0.101	0.616	0.129
0.087	0.105	0.763	0.045
0.705	0.096	0.093	0.106
0.702	0.096	0.126	0.076
0.691	0.103	0.114	0.092
>TTTGAGGAAC	15-TTTGAGGAAC	10.245845	-141.242565	0	T:226.0(0.92%),B:60.3(0.24%),P:1e-61	Tpos:104.6,Tstd:58.9,Bpos:90.0,Bstd:58.3,StrandBias:0.0,Multiplicity:1.01
0.001	0.001	0.001	0.997
0.009	0.001	0.001	0.989
0.001	0.001	0.001	0.997
0.001	0.001	0.997	0.001
0.933	0.001	0.065	0.001
0.001	0.001	0.997	0.001
0.001	0.102	0.857	0.040
0.957	0.001	0.001	0.041
0.997	0.001	0.001	0.001
0.001	0.841	0.157	0.001
>TAACCACGGG	16-TAACCACGGG	5.424494	-140.965946	0	T:7587.0(30.88%),B:6566.3(26.15%),P:1e-61	Tpos:100.1,Tstd:55.3,Bpos:100.8,Bstd:58.1,StrandBias:0.0,Multiplicity:1.24
0.110	0.123	0.183	0.584
0.637	0.108	0.155	0.100
0.592	0.200	0.206	0.002
0.044	0.944	0.008	0.004
0.039	0.926	0.012	0.023
0.532	0.176	0.242	0.050
0.135	0.566	0.123	0.176
0.207	0.028	0.501	0.264
0.131	0.011	0.847	0.011
0.051	0.038	0.903	0.008
>STTTCGGTTT	17-STTTCGGTTT	10.318705	-111.030183	0	T:65.0(0.26%),B:5.3(0.02%),P:1e-48	Tpos:97.6,Tstd:58.8,Bpos:83.0,Bstd:66.8,StrandBias:0.0,Multiplicity:1.00
0.091	0.391	0.517	0.001
0.001	0.001	0.365	0.633
0.001	0.001	0.001	0.997
0.365	0.001	0.001	0.633
0.001	0.997	0.001	0.001
0.001	0.001	0.997	0.001
0.142	0.001	0.856	0.001
0.001	0.001	0.001	0.997
0.001	0.001	0.001	0.997
0.001	0.001	0.001	0.997
>GCCATAAATC	18-GCCATAAATC	7.514615	-82.576728	0	T:432.0(1.76%),B:226.1(0.90%),P:1e-35	Tpos:102.7,Tstd:53.6,Bpos:96.5,Bstd:55.2,StrandBias:-0.1,Multiplicity:1.02
0.104	0.086	0.773	0.037
0.075	0.691	0.033	0.201
0.072	0.796	0.034	0.098
0.909	0.021	0.020	0.050
0.086	0.101	0.041	0.772
0.809	0.036	0.049	0.106
0.835	0.075	0.043	0.047
0.800	0.112	0.038	0.050
0.026	0.081	0.070	0.823
0.042	0.795	0.065	0.098
>AGATGTTATC	19-AGATGTTATC	10.694210	-57.249824	0	T:39.0(0.16%),B:4.5(0.02%),P:1e-24	Tpos:104.6,Tstd:57.9,Bpos:91.9,Bstd:58.8,StrandBias:0.5,Multiplicity:1.00
0.938	0.060	0.001	0.001
0.001	0.001	0.997	0.001
0.997	0.001	0.001	0.001
0.001	0.001	0.001	0.997
0.001	0.001	0.997	0.001
0.001	0.001	0.001	0.997
0.001	0.001	0.280	0.718
0.997	0.001	0.001	0.001
0.001	0.001	0.001	0.997
0.001	0.997	0.001	0.001
>ACAAAGGGTG	20-ACAAAGGGTG	8.086867	-50.037508	0	T:96.0(0.39%),B:30.2(0.12%),P:1e-21	Tpos:90.7,Tstd:56.1,Bpos:106.3,Bstd:55.8,StrandBias:0.2,Multiplicity:1.01
0.997	0.001	0.001	0.001
0.001	0.976	0.001	0.022
0.997	0.001	0.001	0.001
0.997	0.001	0.001	0.001
0.997	0.001	0.001	0.001
0.001	0.001	0.997	0.001
0.051	0.001	0.947	0.001
0.001	0.152	0.846	0.001
0.001	0.001	0.001	0.997
0.001	0.001	0.997	0.001
>TTCCTGTGAG	21-TTCCTGTGAG	10.296193	-46.612808	0	T:49.0(0.20%),B:9.9(0.04%),P:1e-20	Tpos:88.0,Tstd:52.7,Bpos:148.7,Bstd:14.3,StrandBias:0.0,Multiplicity:1.00
0.100	0.100	0.100	0.700
0.100	0.100	0.100	0.700
0.100	0.700	0.100	0.100
0.100	0.700	0.100	0.100
0.100	0.100	0.100	0.700
0.100	0.100	0.700	0.100
0.100	0.100	0.100	0.700
0.100	0.100	0.700	0.100
0.700	0.100	0.100	0.100
0.100	0.100	0.700	0.100
>AGTTGCTGTT	22-AGTTGCTGTT	8.478075	-43.833008	0	T:33.0(0.13%),B:4.2(0.02%),P:1e-19	Tpos:103.2,Tstd:57.7,Bpos:124.7,Bstd:39.7,StrandBias:0.2,Multiplicity:1.00
0.997	0.001	0.001	0.001
0.001	0.001	0.997	0.001
0.001	0.001	0.001	0.997
0.001	0.327	0.001	0.671
0.001	0.001	0.997	0.001
0.001	0.997	0.001	0.001
0.001	0.007	0.321	0.671
0.001	0.001	0.997	0.001
0.001	0.001	0.001	0.997
0.001	0.001	0.001	0.997
>ACGACTTGCA	23-ACGACTTGCA	11.792199	-43.335703	0	T:39.0(0.16%),B:7.0(0.03%),P:1e-18	Tpos:90.4,Tstd:48.3,Bpos:124.2,Bstd:48.7,StrandBias:0.4,Multiplicity:1.00
0.997	0.001	0.001	0.001
0.001	0.699	0.001	0.299
0.001	0.001	0.997	0.001
0.997	0.001	0.001	0.001
0.001	0.856	0.001	0.142
0.001	0.001	0.001	0.997
0.001	0.001	0.001	0.997
0.001	0.001	0.586	0.412
0.001	0.856	0.142	0.001
0.997	0.001	0.001	0.001
>TGTGACTTCA	24-TGTGACTTCA	9.233836	-34.030925	0	T:80.0(0.33%),B:29.5(0.12%),P:1e-14	Tpos:113.3,Tstd:57.4,Bpos:122.6,Bstd:69.1,StrandBias:0.9,Multiplicity:1.00
0.001	0.001	0.001	0.997
0.001	0.001	0.997	0.001
0.001	0.001	0.001	0.997
0.001	0.001	0.997	0.001
0.861	0.001	0.137	0.001
0.001	0.997	0.001	0.001
0.001	0.001	0.001	0.997
0.001	0.001	0.001	0.997
0.001	0.997	0.001	0.001
0.925	0.001	0.073	0.001
>TCACCATGAC	25-TCACCATGAC	11.595649	-22.186461	0	T:22.0(0.09%),B:4.7(0.02%),P:1e-9	Tpos:108.8,Tstd:51.5,Bpos:133.3,Bstd:11.1,StrandBias:-0.3,Multiplicity:1.00
0.056	0.003	0.208	0.733
0.040	0.792	0.075	0.093
0.753	0.003	0.067	0.177
0.091	0.767	0.112	0.030
0.051	0.645	0.096	0.208
0.802	0.001	0.158	0.039
0.093	0.028	0.035	0.844
0.084	0.001	0.892	0.023
0.914	0.027	0.021	0.038
0.106	0.868	0.017	0.009
>YNYTTCCTGYKB	1-YNYTTCCTGYKB	6.484881	-1016.769054	0	T:10320.0(42.00%),B:7168.4(28.55%),P:1e-441	Tpos:100.3,Tstd:54.9,Bpos:99.5,Bstd:60.4,StrandBias:0.0,Multiplicity:1.27
0.158	0.360	0.189	0.294
0.264	0.216	0.313	0.207
0.012	0.471	0.114	0.402
0.001	0.010	0.012	0.977
0.001	0.013	0.041	0.945
0.003	0.931	0.009	0.057
0.002	0.972	0.001	0.025
0.016	0.002	0.002	0.980
0.001	0.245	0.549	0.205
0.189	0.316	0.100	0.395
0.210	0.158	0.266	0.366
0.133	0.288	0.325	0.254
>ACTTCCTCTTTT	2-ACTTCCTCTTTT	9.084757	-984.596739	0	T:2168.0(8.82%),B:739.5(2.94%),P:1e-427	Tpos:100.5,Tstd:56.7,Bpos:100.4,Bstd:61.4,StrandBias:-0.0,Multiplicity:1.06
0.665	0.035	0.182	0.118
0.011	0.673	0.214	0.102
0.018	0.001	0.001	0.980
0.001	0.001	0.001	0.997
0.001	0.968	0.001	0.030
0.001	0.871	0.001	0.127
0.005	0.346	0.073	0.576
0.035	0.590	0.140	0.235
0.134	0.082	0.001	0.783
0.023	0.038	0.009	0.930
0.026	0.134	0.032	0.808
0.045	0.308	0.076	0.571
>NDVTGASTCABN	3-NDVTGASTCABN	5.407773	-912.190990	0	T:2291.0(9.32%),B:850.2(3.39%),P:1e-396	Tpos:101.8,Tstd:56.8,Bpos:98.3,Bstd:58.8,StrandBias:0.0,Multiplicity:1.09
0.296	0.209	0.222	0.273
0.305	0.124	0.321	0.251
0.385	0.318	0.291	0.006
0.001	0.001	0.001	0.997
0.001	0.001	0.985	0.013
0.991	0.001	0.001	0.007
0.013	0.453	0.516	0.018
0.001	0.001	0.001	0.997
0.001	0.997	0.001	0.001
0.997	0.001	0.001	0.001
0.001	0.343	0.260	0.395
0.245	0.309	0.166	0.279
>RTTGTGCAAYHH	4-RTTGTGCAAYHH	8.455076	-787.583237	0	T:1293.0(5.26%),B:351.1(1.40%),P:1e-342	Tpos:97.5,Tstd:54.7,Bpos:101.2,Bstd:56.0,StrandBias:-0.0,Multiplicity:1.09
0.430	0.127	0.365	0.078
0.060	0.070	0.025	0.845
0.009	0.006	0.047	0.938
0.281	0.013	0.482	0.225
0.215	0.017	0.024	0.744
0.017	0.020	0.955	0.008
0.309	0.509	0.010	0.172
0.973	0.017	0.001	0.009
0.955	0.005	0.032	0.008
0.048	0.354	0.188	0.410
0.348	0.327	0.115	0.211
0.369	0.222	0.148	0.261
>NNVAAACCACAR	5-NNVAAACCACAR	8.725594	-656.015687	0	T:1746.0(7.11%),B:666.7(2.65%),P:1e-284	Tpos:100.7,Tstd:53.1,Bpos:98.6,Bstd:57.9,StrandBias:0.0,Multiplicity:1.07
0.258	0.273	0.175	0.294
0.300	0.193	0.209	0.298
0.314	0.246	0.291	0.149
0.482	0.249	0.037	0.232
0.997	0.001	0.001	0.001
0.731	0.001	0.267	0.001
0.001	0.997	0.001	0.001
0.001	0.997	0.001	0.001
0.997	0.001	0.001	0.001
0.075	0.923	0.001	0.001
0.997	0.001	0.001	0.001
0.387	0.079	0.362	0.173
>AGGAAGTGAAAC	6-AGGAAGTGAAAC	8.915813	-481.279282	0	T:1307.0(5.32%),B:502.3(2.00%),P:1e-209	Tpos:100.8,Tstd:55.2,Bpos:102.6,Bstd:59.7,StrandBias:0.1,Multiplicity:1.04
0.649	0.108	0.144	0.099
0.121	0.003	0.856	0.020
0.119	0.025	0.831	0.025
0.965	0.007	0.020	0.008
0.948	0.006	0.037	0.009
0.178	0.183	0.600	0.039
0.063	0.037	0.046	0.854
0.094	0.030	0.846	0.030
0.907	0.030	0.047	0.016
0.785	0.077	0.095	0.043
0.792	0.044	0.094	0.070
0.191	0.453	0.186	0.170
>CAKCTGYTTCCT	7-CAKCTGYTTCCT	10.643419	-416.004160	0	T:540.0(2.20%),B:118.8(0.47%),P:1e-180	Tpos:100.1,Tstd:52.3,Bpos:104.2,Bstd:61.8,StrandBias:0.1,Multiplicity:1.02
0.179	0.755	0.001	0.065
0.834	0.001	0.001	0.164
0.001	0.123	0.380	0.495
0.104	0.667	0.228	0.001
0.013	0.001	0.001	0.985
0.001	0.030	0.956	0.013
0.030	0.509	0.001	0.460
0.001	0.025	0.001	0.973
0.001	0.001	0.001	0.997
0.001	0.948	0.001	0.050
0.001	0.888	0.001	0.110
0.001	0.117	0.013	0.869
>YACTTCTGCTTT	8-YACTTCTGCTTT	12.772218	-258.037333	0	T:134.0(0.55%),B:8.1(0.03%),P:1e-112	Tpos:93.9,Tstd:60.2,Bpos:114.3,Bstd:33.4,StrandBias:-0.6,Multiplicity:1.00
0.181	0.339	0.047	0.433
0.726	0.001	0.158	0.115
0.001	0.685	0.313	0.001
0.001	0.001	0.001	0.997
0.001	0.001	0.001	0.997
0.001	0.997	0.001	0.001
0.001	0.001	0.001	0.997
0.001	0.062	0.936	0.001
0.001	0.997	0.001	0.001
0.157	0.001	0.001	0.841
0.001	0.001	0.001	0.997
0.001	0.125	0.011	0.863
>TGATTACGCAAG	9-TGATTACGCAAG	7.675603	-254.425561	0	T:637.0(2.59%),B:232.4(0.93%),P:1e-110	Tpos:96.1,Tstd:55.1,Bpos:103.3,Bstd:60.7,StrandBias:-0.0,Multiplicity:1.03
0.219	0.070	0.191	0.520
0.021	0.059	0.881	0.039
0.880	0.050	0.030	0.040
0.030	0.001	0.020	0.949
0.050	0.010	0.090	0.850
0.874	0.001	0.030	0.095
0.145	0.627	0.137	0.091
0.070	0.070	0.706	0.154
0.060	0.920	0.010	0.010
0.969	0.029	0.001	0.001
0.969	0.001	0.020	0.010
0.134	0.179	0.470	0.216
>TTTGAGGAACTA	10-TTTGAGGAACTA	10.362109	-201.858693	0	T:192.0(0.78%),B:30.1(0.12%),P:1e-87	Tpos:99.4,Tstd:55.2,Bpos:77.1,Bstd:49.0,StrandBias:0.0,Multiplicity:1.01
0.005	0.005	0.001	0.989
0.005	0.005	0.005	0.985
0.005	0.001	0.005	0.989
0.001	0.001	0.997	0.001
0.994	0.001	0.001	0.004
0.005	0.001	0.979	0.015
0.016	0.005	0.974	0.005
0.997	0.001	0.001	0.001
0.997	0.001	0.001	0.001
0.030	0.813	0.110	0.047
0.110	0.066	0.001	0.823
0.616	0.066	0.208	0.110
>CAACTTCCCYAT	11-CAACTTCCCYAT	11.687921	-174.899520	0	T:108.0(0.44%),B:9.0(0.04%),P:1e-75	Tpos:108.7,Tstd:51.4,Bpos:91.5,Bstd:62.3,StrandBias:-0.5,Multiplicity:1.00
0.149	0.535	0.001	0.315
0.807	0.191	0.001	0.001
0.997	0.001	0.001	0.001
0.001	0.955	0.043	0.001
0.001	0.001	0.005	0.993
0.001	0.081	0.001	0.917
0.001	0.997	0.001	0.001
0.322	0.676	0.001	0.001
0.001	0.997	0.001	0.001
0.001	0.466	0.001	0.532
0.504	0.215	0.082	0.199
0.001	0.001	0.118	0.880
>GATGTTGCAACA	12-GATGTTGCAACA	6.235507	-173.143073	0	T:1226.0(4.99%),B:712.3(2.84%),P:1e-75	Tpos:102.2,Tstd:54.7,Bpos:98.2,Bstd:60.3,StrandBias:-0.0,Multiplicity:1.03
0.195	0.182	0.451	0.172
0.517	0.221	0.128	0.134
0.166	0.060	0.151	0.623
0.130	0.130	0.577	0.163
0.129	0.183	0.110	0.578
0.144	0.045	0.187	0.624
0.133	0.106	0.611	0.150
0.173	0.577	0.122	0.128
0.633	0.183	0.059	0.125
0.601	0.094	0.193	0.112
0.179	0.548	0.151	0.122
0.530	0.173	0.099	0.198
>NNAGGATGTGNN	13-NNAGGATGTGNN	7.164532	-143.696187	0	T:103.0(0.42%),B:11.2(0.04%),P:1e-62	Tpos:96.4,Tstd:48.4,Bpos:109.1,Bstd:48.7,StrandBias:0.0,Multiplicity:1.00
0.328	0.211	0.229	0.232
0.218	0.326	0.241	0.215
0.507	0.225	0.164	0.104
0.091	0.253	0.535	0.121
0.098	0.102	0.642	0.158
0.641	0.105	0.106	0.148
0.105	0.218	0.086	0.591
0.150	0.109	0.613	0.128
0.122	0.181	0.121	0.576
0.131	0.194	0.562	0.113
0.223	0.217	0.334	0.226
0.219	0.234	0.199	0.349
>TAACAGTTGCTG	14-TAACAGTTGCTG	11.765274	-120.134460	0	T:51.0(0.21%),B:2.3(0.01%),P:1e-52	Tpos:119.4,Tstd:56.6,Bpos:73.0,Bstd:0.0,StrandBias:0.4,Multiplicity:1.00
0.031	0.031	0.031	0.907
0.744	0.001	0.167	0.088
0.968	0.030	0.001	0.001
0.088	0.881	0.030	0.001
0.968	0.001	0.001	0.030
0.001	0.030	0.939	0.030
0.167	0.031	0.031	0.771
0.001	0.030	0.030	0.939
0.030	0.001	0.939	0.030
0.001	0.997	0.001	0.001
0.030	0.001	0.001	0.968
0.001	0.001	0.997	0.001
>GGGTTTGTGGTC	15-GGGTTTGTGGTC	10.858773	-116.181282	0	T:62.0(0.25%),B:4.6(0.02%),P:1e-50	Tpos:97.6,Tstd:55.6,Bpos:89.4,Bstd:79.8,StrandBias:-0.1,Multiplicity:1.18
0.095	0.018	0.601	0.286
0.061	0.206	0.632	0.101
0.034	0.353	0.566	0.047
0.044	0.041	0.041	0.874
0.030	0.031	0.101	0.838
0.007	0.236	0.022	0.735
0.024	0.199	0.543	0.234
0.034	0.066	0.115	0.785
0.135	0.014	0.830	0.021
0.067	0.054	0.852	0.027
0.012	0.291	0.171	0.526
0.282	0.569	0.043	0.106
>TCTGACCACAGA	16-TCTGACCACAGA	10.076922	-100.791734	0	T:202.0(0.82%),B:64.8(0.26%),P:1e-43	Tpos:102.6,Tstd:54.6,Bpos:116.4,Bstd:54.1,StrandBias:-0.0,Multiplicity:1.02
0.100	0.091	0.070	0.739
0.026	0.762	0.156	0.056
0.109	0.032	0.009	0.850
0.027	0.043	0.895	0.035
0.778	0.082	0.074	0.066
0.032	0.878	0.054	0.036
0.044	0.885	0.020	0.051
0.870	0.063	0.028	0.039
0.023	0.917	0.017	0.043
0.931	0.020	0.023	0.026
0.113	0.093	0.751	0.043
0.752	0.120	0.101	0.027
>TTCTAAATTTAG	17-TTCTAAATTTAG	8.332955	-91.483701	0	T:93.0(0.38%),B:16.7(0.07%),P:1e-39	Tpos:97.9,Tstd:54.9,Bpos:104.9,Bstd:58.4,StrandBias:-0.1,Multiplicity:1.01
0.206	0.122	0.146	0.526
0.120	0.060	0.181	0.639
0.087	0.609	0.085	0.219
0.154	0.142	0.047	0.657
0.582	0.088	0.222	0.108
0.510	0.119	0.120	0.251
0.490	0.111	0.193	0.206
0.254	0.079	0.081	0.586
0.243	0.111	0.147	0.499
0.187	0.128	0.105	0.580
0.639	0.031	0.190	0.140
0.244	0.122	0.554	0.080
>TGAAACGGAAAG	18-TGAAACGGAAAG	8.463612	-88.907752	0	T:621.0(2.53%),B:359.5(1.43%),P:1e-38	Tpos:99.8,Tstd:55.3,Bpos:97.6,Bstd:60.9,StrandBias:-0.1,Multiplicity:1.02
0.100	0.100	0.100	0.700
0.100	0.100	0.700	0.100
0.700	0.100	0.100	0.100
0.700	0.100	0.100	0.100
0.700	0.100	0.100	0.100
0.100	0.700	0.100	0.100
0.100	0.100	0.700	0.100
0.100	0.100	0.700	0.100
0.700	0.100	0.100	0.100
0.700	0.100	0.100	0.100
0.700	0.100	0.100	0.100
0.100	0.100	0.700	0.100
>GACCTTAGCGGT	19-GACCTTAGCGGT	10.168204	-79.731362	0	T:31.0(0.13%),B:1.2(0.00%),P:1e-34	Tpos:97.5,Tstd:58.5,Bpos:152.4,Bstd:28.2,StrandBias:0.6,Multiplicity:1.06
0.085	0.113	0.773	0.029
0.552	0.157	0.185	0.106
0.105	0.811	0.083	0.001
0.035	0.873	0.011	0.081
0.049	0.248	0.018	0.685
0.039	0.209	0.187	0.565
0.383	0.200	0.232	0.186
0.051	0.019	0.864	0.066
0.131	0.633	0.109	0.127
0.233	0.059	0.547	0.161
0.031	0.089	0.821	0.059
0.087	0.137	0.132	0.644
>GATCTGGTGCCA	20-GATCTGGTGCCA	10.297286	-61.986675	0	T:32.0(0.13%),B:2.6(0.01%),P:1e-26	Tpos:104.7,Tstd:61.5,Bpos:137.0,Bstd:63.5,StrandBias:1.2,Multiplicity:1.00
0.059	0.058	0.833	0.050
0.837	0.048	0.057	0.058
0.050	0.042	0.079	0.829
0.042	0.804	0.096	0.058
0.017	0.042	0.042	0.899
0.042	0.033	0.842	0.083
0.067	0.058	0.817	0.058
0.052	0.033	0.059	0.856
0.033	0.042	0.848	0.077
0.105	0.812	0.075	0.008
0.067	0.850	0.058	0.025
0.795	0.067	0.071	0.067
>AGATAAGGGAAC	21-AGATAAGGGAAC	10.855403	-60.405747	0	T:88.0(0.36%),B:22.7(0.09%),P:1e-26	Tpos:96.9,Tstd:47.5,Bpos:83.9,Bstd:56.9,StrandBias:0.1,Multiplicity:1.00
0.833	0.027	0.064	0.076
0.117	0.068	0.755	0.060
0.794	0.070	0.065	0.071
0.155	0.071	0.137	0.637
0.791	0.062	0.091	0.056
0.829	0.036	0.063	0.072
0.082	0.057	0.793	0.068
0.146	0.037	0.741	0.076
0.100	0.121	0.711	0.068
0.781	0.087	0.086	0.046
0.740	0.090	0.104	0.066
0.174	0.593	0.127	0.106
>ACTCCGCCGGTC	22-ACTCCGCCGGTC	10.409522	-43.107761	0	T:25.0(0.10%),B:2.8(0.01%),P:1e-18	Tpos:106.6,Tstd:44.4,Bpos:76.1,Bstd:59.8,StrandBias:0.1,Multiplicity:1.00
0.700	0.100	0.100	0.100
0.100	0.700	0.100	0.100
0.100	0.100	0.100	0.700
0.100	0.700	0.100	0.100
0.100	0.700	0.100	0.100
0.100	0.100	0.700	0.100
0.100	0.700	0.100	0.100
0.100	0.700	0.100	0.100
0.100	0.100	0.700	0.100
0.100	0.100	0.700	0.100
0.100	0.100	0.100	0.700
0.100	0.700	0.100	0.100
>GCTGACGTTTTT	23-GCTGACGTTTTT	11.405280	-42.873959	0	T:29.0(0.12%),B:3.6(0.01%),P:1e-18	Tpos:94.0,Tstd:50.5,Bpos:78.6,Bstd:36.5,StrandBias:-0.7,Multiplicity:1.00
0.049	0.108	0.806	0.037
0.050	0.755	0.164	0.031
0.074	0.001	0.012	0.913
0.006	0.068	0.901	0.025
0.851	0.038	0.079	0.032
0.080	0.720	0.120	0.080
0.190	0.062	0.650	0.098
0.019	0.050	0.037	0.894
0.031	0.056	0.019	0.894
0.025	0.019	0.037	0.919
0.031	0.069	0.050	0.850
0.043	0.050	0.043	0.864
>CACTGAAGCAAG	24-CACTGAAGCAAG	12.069174	-35.650506	0	T:40.0(0.16%),B:8.2(0.03%),P:1e-15	Tpos:115.9,Tstd:55.0,Bpos:135.8,Bstd:28.8,StrandBias:0.6,Multiplicity:1.00
0.001	0.912	0.086	0.001
0.912	0.001	0.001	0.086
0.001	0.997	0.001	0.001
0.001	0.001	0.029	0.969
0.001	0.001	0.969	0.029
0.997	0.001	0.001	0.001
0.805	0.001	0.164	0.030
0.030	0.030	0.939	0.001
0.164	0.805	0.001	0.030
0.939	0.030	0.030	0.001
0.834	0.001	0.164	0.001
0.030	0.030	0.939	0.001
>GAACATTGCCAC	25-GAACATTGCCAC	10.492703	-29.806880	0	T:34.0(0.14%),B:7.4(0.03%),P:1e-12	Tpos:105.5,Tstd:54.9,Bpos:73.1,Bstd:24.8,StrandBias:0.3,Multiplicity:1.00
0.059	0.030	0.830	0.081
0.820	0.059	0.070	0.051
0.847	0.037	0.030	0.086
0.073	0.869	0.051	0.007
0.811	0.087	0.051	0.051
0.023	0.045	0.045	0.887
0.059	0.051	0.037	0.853
0.052	0.085	0.752	0.111
0.022	0.889	0.037	0.052
0.067	0.874	0.015	0.044
0.778	0.062	0.029	0.131
0.082	0.808	0.051	0.059
>VAGGAAGT	1-VAGGAAGT	6.673223	-1565.734663	0	T:7382.0(30.04%),B:3965.3(15.79%),P:1e-679	Tpos:100.9,Tstd:56.2,Bpos:99.3,Bstd:60.7,StrandBias:0.0,Multiplicity:1.20
0.258	0.374	0.319	0.048
0.697	0.094	0.169	0.040
0.089	0.016	0.894	0.001
0.028	0.011	0.949	0.012
0.954	0.040	0.004	0.002
0.917	0.010	0.001	0.072
0.239	0.123	0.628	0.010
0.065	0.261	0.032	0.642
>TGTGGTTW	2-TGTGGTTW	5.555505	-810.091605	0	T:5089.0(20.71%),B:2942.2(11.72%),P:1e-351	Tpos:99.2,Tstd:55.2,Bpos:100.0,Bstd:59.1,StrandBias:-0.0,Multiplicity:1.19
0.019	0.023	0.001	0.957
0.001	0.001	0.997	0.001
0.016	0.001	0.001	0.982
0.001	0.001	0.997	0.001
0.001	0.001	0.997	0.001
0.011	0.021	0.013	0.955
0.081	0.059	0.022	0.838
0.475	0.045	0.092	0.389
>TGASTCAY	3-TGASTCAY	6.538772	-775.850031	0	T:2867.0(11.67%),B:1315.0(5.24%),P:1e-336	Tpos:101.4,Tstd:57.8,Bpos:102.3,Bstd:59.0,StrandBias:-0.0,Multiplicity:1.12
0.059	0.020	0.026	0.895
0.054	0.051	0.778	0.117
0.902	0.061	0.013	0.024
0.063	0.506	0.394	0.037
0.001	0.059	0.006	0.934
0.240	0.719	0.011	0.030
0.964	0.001	0.034	0.001
0.048	0.341	0.198	0.413
>AAGCGGAA	4-AAGCGGAA	6.831885	-691.620142	0	T:4192.0(17.06%),B:2373.8(9.45%),P:1e-300	Tpos:99.7,Tstd:56.6,Bpos:100.2,Bstd:62.8,StrandBias:0.1,Multiplicity:1.11
0.829	0.080	0.037	0.054
0.845	0.003	0.050	0.102
0.238	0.216	0.497	0.049
0.234	0.544	0.110	0.112
0.122	0.114	0.732	0.032
0.155	0.060	0.764	0.021
0.869	0.059	0.013	0.059
0.922	0.018	0.020	0.040
>CTTCCTGT	5-CTTCCTGT	8.094696	-593.564804	0	T:3295.0(13.41%),B:1793.3(7.14%),P:1e-257	Tpos:97.7,Tstd:55.7,Bpos:103.8,Bstd:60.2,StrandBias:-0.1,Multiplicity:1.04
0.001	0.831	0.001	0.167
0.097	0.001	0.001	0.901
0.001	0.001	0.001	0.997
0.001	0.997	0.001	0.001
0.001	0.997	0.001	0.001
0.001	0.001	0.001	0.997
0.126	0.001	0.872	0.001
0.101	0.178	0.001	0.720
>ATGATTCA	6-ATGATTCA	5.739424	-493.835219	0	T:4800.0(19.54%),B:3133.7(12.48%),P:1e-214	Tpos:98.7,Tstd:56.0,Bpos:98.1,Bstd:59.0,StrandBias:0.0,Multiplicity:1.07
0.630	0.070	0.299	0.001
0.001	0.001	0.001	0.997
0.033	0.001	0.965	0.001
0.997	0.001	0.001	0.001
0.082	0.238	0.065	0.615
0.083	0.001	0.159	0.757
0.143	0.786	0.001	0.070
0.766	0.070	0.163	0.001
>TTGCACAA	7-TTGCACAA	3.492302	-455.998748	0	T:4121.0(16.77%),B:2625.4(10.45%),P:1e-198	Tpos:98.6,Tstd:55.4,Bpos:100.6,Bstd:60.7,StrandBias:-0.0,Multiplicity:1.18
0.001	0.001	0.001	0.997
0.001	0.001	0.001	0.997
0.093	0.001	0.905	0.001
0.001	0.997	0.001	0.001
0.858	0.001	0.140	0.001
0.096	0.620	0.001	0.283
0.954	0.044	0.001	0.001
0.997	0.001	0.001	0.001
>AGATAAGA	8-AGATAAGA	6.199016	-401.655711	0	T:1532.0(6.23%),B:703.9(2.80%),P:1e-174	Tpos:99.8,Tstd:53.1,Bpos:100.5,Bstd:62.4,StrandBias:-0.0,Multiplicity:1.06
0.856	0.016	0.001	0.127
0.001	0.001	0.997	0.001
0.997	0.001	0.001	0.001
0.001	0.001	0.001	0.997
0.997	0.001	0.001	0.001
0.997	0.001	0.001	0.001
0.001	0.001	0.997	0.001
0.478	0.163	0.315	0.044
>NGTTTCCD	9-NGTTTCCD	5.621630	-396.263921	0	T:9157.0(37.27%),B:7273.2(28.96%),P:1e-172	Tpos:99.9,Tstd:55.8,Bpos:98.9,Bstd:61.7,StrandBias:0.0,Multiplicity:1.21
0.170	0.264	0.297	0.269
0.326	0.001	0.672	0.001
0.001	0.220	0.001	0.778
0.001	0.001	0.001	0.997
0.053	0.001	0.340	0.606
0.001	0.997	0.001	0.001
0.126	0.448	0.138	0.288
0.219	0.155	0.363	0.262
>TTGCCACA	10-TTGCCACA	4.883554	-319.252306	0	T:8473.0(34.48%),B:6825.4(27.18%),P:1e-138	Tpos:101.0,Tstd:56.1,Bpos:99.9,Bstd:59.6,StrandBias:-0.0,Multiplicity:1.16
0.077	0.116	0.073	0.734
0.100	0.077	0.100	0.723
0.126	0.068	0.725	0.081
0.054	0.770	0.059	0.117
0.141	0.742	0.081	0.036
0.790	0.027	0.117	0.066
0.096	0.702	0.124	0.078
0.817	0.045	0.060	0.078
>ATGAGGAA	11-ATGAGGAA	5.852326	-217.164923	0	T:3370.0(13.72%),B:2413.4(9.61%),P:1e-94	Tpos:99.7,Tstd:56.6,Bpos:98.9,Bstd:60.2,StrandBias:-0.0,Multiplicity:1.07
0.650	0.001	0.001	0.348
0.001	0.022	0.319	0.658
0.001	0.001	0.997	0.001
0.997	0.001	0.001	0.001
0.001	0.001	0.997	0.001
0.026	0.001	0.972	0.001
0.997	0.001	0.001	0.001
0.997	0.001	0.001	0.001
>RRCAGCTG	12-RRCAGCTG	5.894483	-203.201163	0	T:5841.0(23.77%),B:4684.0(18.65%),P:1e-88	Tpos:100.1,Tstd:55.8,Bpos:98.7,Bstd:61.8,StrandBias:0.0,Multiplicity:1.16
0.412	0.001	0.394	0.193
0.323	0.216	0.406	0.054
0.149	0.760	0.090	0.001
0.816	0.074	0.001	0.109
0.001	0.001	0.653	0.345
0.281	0.526	0.001	0.192
0.001	0.161	0.001	0.837
0.001	0.069	0.691	0.239
>WGTCATRM	13-WGTCATRM	6.951673	-197.720087	0	T:2588.0(10.53%),B:1781.2(7.09%),P:1e-85	Tpos:100.4,Tstd:56.4,Bpos:98.3,Bstd:59.5,StrandBias:-0.1,Multiplicity:1.06
0.492	0.001	0.094	0.413
0.001	0.001	0.997	0.001
0.001	0.001	0.001	0.997
0.001	0.997	0.001	0.001
0.997	0.001	0.001	0.001
0.001	0.204	0.146	0.649
0.542	0.002	0.421	0.035
0.461	0.395	0.143	0.001
>TTTCASTT	14-TTTCASTT	7.538911	-188.935633	0	T:1293.0(5.26%),B:743.4(2.96%),P:1e-82	Tpos:100.3,Tstd:56.9,Bpos:98.1,Bstd:61.1,StrandBias:0.1,Multiplicity:1.05
0.001	0.001	0.001	0.997
0.055	0.001	0.001	0.943
0.001	0.001	0.001	0.997
0.001	0.997	0.001	0.001
0.997	0.001	0.001	0.001
0.001	0.531	0.467	0.001
0.001	0.001	0.001	0.997
0.001	0.001	0.001	0.997
>GTTGCTAA	15-GTTGCTAA	6.565336	-136.464921	0	T:1934.0(7.87%),B:1349.5(5.37%),P:1e-59	Tpos:98.5,Tstd:56.4,Bpos:97.5,Bstd:61.6,StrandBias:0.0,Multiplicity:1.04
0.050	0.040	0.909	0.001
0.001	0.047	0.001	0.951
0.001	0.017	0.001	0.981
0.051	0.029	0.844	0.076
0.063	0.920	0.016	0.001
0.098	0.070	0.001	0.831
0.914	0.001	0.025	0.060
0.792	0.001	0.099	0.108
>CDTTATCD	16-CDTTATCD	6.363006	-101.558705	0	T:3003.0(12.22%),B:2385.7(9.50%),P:1e-44	Tpos:100.9,Tstd:56.2,Bpos:101.2,Bstd:59.6,StrandBias:-0.0,Multiplicity:1.08
0.001	0.624	0.057	0.318
0.233	0.030	0.369	0.368
0.001	0.001	0.001	0.997
0.129	0.001	0.001	0.869
0.997	0.001	0.001	0.001
0.001	0.001	0.227	0.771
0.001	0.997	0.001	0.001
0.391	0.001	0.244	0.364
>AAACCGCA	17-AAACCGCA	8.083292	-101.067066	0	T:303.0(1.23%),B:124.0(0.49%),P:1e-43	Tpos:92.8,Tstd:52.5,Bpos:95.7,Bstd:57.5,StrandBias:-0.1,Multiplicity:1.01
0.997	0.001	0.001	0.001
0.997	0.001	0.001	0.001
0.997	0.001	0.001	0.001
0.001	0.997	0.001	0.001
0.001	0.997	0.001	0.001
0.001	0.001	0.997	0.001
0.343	0.572	0.001	0.084
0.910	0.001	0.088	0.001
>CAGGATGT	18-CAGGATGT	7.635609	-88.670014	0	T:1032.0(4.20%),B:687.2(2.74%),P:1e-38	Tpos:101.0,Tstd:55.3,Bpos:97.9,Bstd:56.9,StrandBias:-0.0,Multiplicity:1.01
0.001	0.942	0.001	0.056
0.997	0.001	0.001	0.001
0.001	0.001	0.997	0.001
0.243	0.001	0.755	0.001
0.894	0.001	0.104	0.001
0.001	0.001	0.001	0.997
0.152	0.001	0.846	0.001
0.001	0.001	0.001	0.997
>TGAAATGT	19-TGAAATGT	7.425481	-70.935773	0	T:1575.0(6.41%),B:1193.5(4.75%),P:1e-30	Tpos:100.3,Tstd:55.9,Bpos:102.6,Bstd:61.1,StrandBias:0.0,Multiplicity:1.04
0.018	0.212	0.013	0.757
0.001	0.001	0.997	0.001
0.771	0.227	0.001	0.001
0.723	0.274	0.001	0.002
0.786	0.212	0.001	0.001
0.133	0.118	0.001	0.748
0.001	0.214	0.511	0.274
0.001	0.001	0.001	0.997
>NATTACCC	20-NATTACCC	5.928191	-69.664968	0	T:1234.0(5.02%),B:898.1(3.58%),P:1e-30	Tpos:99.4,Tstd:57.0,Bpos:97.0,Bstd:57.8,StrandBias:0.1,Multiplicity:1.02
0.154	0.301	0.275	0.270
0.642	0.001	0.356	0.001
0.001	0.125	0.154	0.720
0.172	0.001	0.089	0.738
0.588	0.001	0.001	0.410
0.037	0.640	0.237	0.086
0.084	0.583	0.248	0.085
0.240	0.502	0.257	0.001
>TGWCGTAA	21-TGWCGTAA	7.475399	-45.039387	0	T:249.0(1.01%),B:134.5(0.54%),P:1e-19	Tpos:101.8,Tstd:55.0,Bpos:83.0,Bstd:62.8,StrandBias:-0.1,Multiplicity:1.00
0.172	0.001	0.175	0.652
0.001	0.151	0.847	0.001
0.498	0.152	0.001	0.349
0.001	0.997	0.001	0.001
0.001	0.001	0.997	0.001
0.307	0.001	0.231	0.461
0.864	0.001	0.001	0.134
0.704	0.118	0.175	0.003
>CCCTAGCG	22-CCCTAGCG	5.703473	-42.523080	0	T:3095.0(12.60%),B:2712.0(10.80%),P:1e-18	Tpos:99.1,Tstd:56.9,Bpos:99.4,Bstd:60.3,StrandBias:-0.0,Multiplicity:1.15
0.001	0.897	0.101	0.001
0.001	0.997	0.001	0.001
0.097	0.835	0.018	0.050
0.040	0.045	0.044	0.871
0.806	0.108	0.042	0.044
0.057	0.042	0.821	0.080
0.001	0.948	0.025	0.026
0.001	0.058	0.859	0.082
>CGTATGAC	23-CGTATGAC	8.236954	-33.151836	0	T:21.0(0.09%),B:2.5(0.01%),P:1e-14	Tpos:93.0,Tstd:48.6,Bpos:78.3,Bstd:42.8,StrandBias:0.8,Multiplicity:1.00
0.100	0.700	0.100	0.100
0.100	0.100	0.700	0.100
0.100	0.100	0.100	0.700
0.700	0.100	0.100	0.100
0.100	0.100	0.100	0.700
0.100	0.100	0.700	0.100
0.700	0.100	0.100	0.100
0.100	0.700	0.100	0.100
>CCCGGGGA	24-CCCGGGGA	4.915646	-28.513933	0	T:9009.0(36.67%),B:8659.9(34.49%),P:1e-12	Tpos:100.2,Tstd:55.4,Bpos:99.4,Bstd:59.6,StrandBias:-0.0,Multiplicity:1.73
0.062	0.765	0.065	0.108
0.074	0.721	0.087	0.118
0.115	0.740	0.108	0.037
0.045	0.128	0.743	0.084
0.060	0.111	0.762	0.067
0.075	0.056	0.798	0.071
0.080	0.070	0.751	0.099
0.723	0.118	0.104	0.055
>ATACGGTT	25-ATACGGTT	8.236954	-5.907102	0	T:20.0(0.08%),B:10.2(0.04%),P:1e-2	Tpos:99.8,Tstd:53.4,Bpos:104.1,Bstd:42.5,StrandBias:0.0,Multiplicity:1.00
0.700	0.100	0.100	0.100
0.100	0.100	0.100	0.700
0.700	0.100	0.100	0.100
0.100	0.700	0.100	0.100
0.100	0.100	0.700	0.100
0.100	0.100	0.700	0.100
0.100	0.100	0.100	0.700
0.100	0.100	0.100	0.700
