>YNYTTCCTGYKB	1-YNYTTCCTGYKB	6.484881	-1016.769054	0	T:10320.0(42.00%),B:7168.4(28.55%),P:1e-441	Tpos:100.3,Tstd:54.9,Bpos:99.5,Bstd:60.4,StrandBias:0.0,Multiplicity:1.27
0.158	0.360	0.189	0.294
0.264	0.216	0.313	0.207
0.012	0.471	0.114	0.402
0.001	0.010	0.012	0.977
0.001	0.013	0.041	0.945
0.003	0.931	0.009	0.057
0.002	0.972	0.001	0.025
0.016	0.002	0.002	0.980
0.001	0.245	0.549	0.205
0.189	0.316	0.100	0.395
0.210	0.158	0.266	0.366
0.133	0.288	0.325	0.254
>ACTTCCTCTTTT	2-ACTTCCTCTTTT	9.084757	-984.596739	0	T:2168.0(8.82%),B:739.5(2.94%),P:1e-427	Tpos:100.5,Tstd:56.7,Bpos:100.4,Bstd:61.4,StrandBias:-0.0,Multiplicity:1.06
0.665	0.035	0.182	0.118
0.011	0.673	0.214	0.102
0.018	0.001	0.001	0.980
0.001	0.001	0.001	0.997
0.001	0.968	0.001	0.030
0.001	0.871	0.001	0.127
0.005	0.346	0.073	0.576
0.035	0.590	0.140	0.235
0.134	0.082	0.001	0.783
0.023	0.038	0.009	0.930
0.026	0.134	0.032	0.808
0.045	0.308	0.076	0.571
>NDVTGASTCABN	3-NDVTGASTCABN	5.407773	-912.190990	0	T:2291.0(9.32%),B:850.2(3.39%),P:1e-396	Tpos:101.8,Tstd:56.8,Bpos:98.3,Bstd:58.8,StrandBias:0.0,Multiplicity:1.09
0.296	0.209	0.222	0.273
0.305	0.124	0.321	0.251
0.385	0.318	0.291	0.006
0.001	0.001	0.001	0.997
0.001	0.001	0.985	0.013
0.991	0.001	0.001	0.007
0.013	0.453	0.516	0.018
0.001	0.001	0.001	0.997
0.001	0.997	0.001	0.001
0.997	0.001	0.001	0.001
0.001	0.343	0.260	0.395
0.245	0.309	0.166	0.279
>RTTGTGCAAYHH	4-RTTGTGCAAYHH	8.455076	-787.583237	0	T:1293.0(5.26%),B:351.1(1.40%),P:1e-342	Tpos:97.5,Tstd:54.7,Bpos:101.2,Bstd:56.0,StrandBias:-0.0,Multiplicity:1.09
0.430	0.127	0.365	0.078
0.060	0.070	0.025	0.845
0.009	0.006	0.047	0.938
0.281	0.013	0.482	0.225
0.215	0.017	0.024	0.744
0.017	0.020	0.955	0.008
0.309	0.509	0.010	0.172
0.973	0.017	0.001	0.009
0.955	0.005	0.032	0.008
0.048	0.354	0.188	0.410
0.348	0.327	0.115	0.211
0.369	0.222	0.148	0.261
>NNVAAACCACAR	5-NNVAAACCACAR	8.725594	-656.015687	0	T:1746.0(7.11%),B:666.7(2.65%),P:1e-284	Tpos:100.7,Tstd:53.1,Bpos:98.6,Bstd:57.9,StrandBias:0.0,Multiplicity:1.07
0.258	0.273	0.175	0.294
0.300	0.193	0.209	0.298
0.314	0.246	0.291	0.149
0.482	0.249	0.037	0.232
0.997	0.001	0.001	0.001
0.731	0.001	0.267	0.001
0.001	0.997	0.001	0.001
0.001	0.997	0.001	0.001
0.997	0.001	0.001	0.001
0.075	0.923	0.001	0.001
0.997	0.001	0.001	0.001
0.387	0.079	0.362	0.173
>AGGAAGTGAAAC	6-AGGAAGTGAAAC	8.915813	-481.279282	0	T:1307.0(5.32%),B:502.3(2.00%),P:1e-209	Tpos:100.8,Tstd:55.2,Bpos:102.6,Bstd:59.7,StrandBias:0.1,Multiplicity:1.04
0.649	0.108	0.144	0.099
0.121	0.003	0.856	0.020
0.119	0.025	0.831	0.025
0.965	0.007	0.020	0.008
0.948	0.006	0.037	0.009
0.178	0.183	0.600	0.039
0.063	0.037	0.046	0.854
0.094	0.030	0.846	0.030
0.907	0.030	0.047	0.016
0.785	0.077	0.095	0.043
0.792	0.044	0.094	0.070
0.191	0.453	0.186	0.170
>CAKCTGYTTCCT	7-CAKCTGYTTCCT	10.643419	-416.004160	0	T:540.0(2.20%),B:118.8(0.47%),P:1e-180	Tpos:100.1,Tstd:52.3,Bpos:104.2,Bstd:61.8,StrandBias:0.1,Multiplicity:1.02
0.179	0.755	0.001	0.065
0.834	0.001	0.001	0.164
0.001	0.123	0.380	0.495
0.104	0.667	0.228	0.001
0.013	0.001	0.001	0.985
0.001	0.030	0.956	0.013
0.030	0.509	0.001	0.460
0.001	0.025	0.001	0.973
0.001	0.001	0.001	0.997
0.001	0.948	0.001	0.050
0.001	0.888	0.001	0.110
0.001	0.117	0.013	0.869
>YACTTCTGCTTT	8-YACTTCTGCTTT	12.772218	-258.037333	0	T:134.0(0.55%),B:8.1(0.03%),P:1e-112	Tpos:93.9,Tstd:60.2,Bpos:114.3,Bstd:33.4,StrandBias:-0.6,Multiplicity:1.00
0.181	0.339	0.047	0.433
0.726	0.001	0.158	0.115
0.001	0.685	0.313	0.001
0.001	0.001	0.001	0.997
0.001	0.001	0.001	0.997
0.001	0.997	0.001	0.001
0.001	0.001	0.001	0.997
0.001	0.062	0.936	0.001
0.001	0.997	0.001	0.001
0.157	0.001	0.001	0.841
0.001	0.001	0.001	0.997
0.001	0.125	0.011	0.863
>TGATTACGCAAG	9-TGATTACGCAAG	7.675603	-254.425561	0	T:637.0(2.59%),B:232.4(0.93%),P:1e-110	Tpos:96.1,Tstd:55.1,Bpos:103.3,Bstd:60.7,StrandBias:-0.0,Multiplicity:1.03
0.219	0.070	0.191	0.520
0.021	0.059	0.881	0.039
0.880	0.050	0.030	0.040
0.030	0.001	0.020	0.949
0.050	0.010	0.090	0.850
0.874	0.001	0.030	0.095
0.145	0.627	0.137	0.091
0.070	0.070	0.706	0.154
0.060	0.920	0.010	0.010
0.969	0.029	0.001	0.001
0.969	0.001	0.020	0.010
0.134	0.179	0.470	0.216
>TTTGAGGAACTA	10-TTTGAGGAACTA	10.362109	-201.858693	0	T:192.0(0.78%),B:30.1(0.12%),P:1e-87	Tpos:99.4,Tstd:55.2,Bpos:77.1,Bstd:49.0,StrandBias:0.0,Multiplicity:1.01
0.005	0.005	0.001	0.989
0.005	0.005	0.005	0.985
0.005	0.001	0.005	0.989
0.001	0.001	0.997	0.001
0.994	0.001	0.001	0.004
0.005	0.001	0.979	0.015
0.016	0.005	0.974	0.005
0.997	0.001	0.001	0.001
0.997	0.001	0.001	0.001
0.030	0.813	0.110	0.047
0.110	0.066	0.001	0.823
0.616	0.066	0.208	0.110
>CAACTTCCCYAT	11-CAACTTCCCYAT	11.687921	-174.899520	0	T:108.0(0.44%),B:9.0(0.04%),P:1e-75	Tpos:108.7,Tstd:51.4,Bpos:91.5,Bstd:62.3,StrandBias:-0.5,Multiplicity:1.00
0.149	0.535	0.001	0.315
0.807	0.191	0.001	0.001
0.997	0.001	0.001	0.001
0.001	0.955	0.043	0.001
0.001	0.001	0.005	0.993
0.001	0.081	0.001	0.917
0.001	0.997	0.001	0.001
0.322	0.676	0.001	0.001
0.001	0.997	0.001	0.001
0.001	0.466	0.001	0.532
0.504	0.215	0.082	0.199
0.001	0.001	0.118	0.880
>GATGTTGCAACA	12-GATGTTGCAACA	6.235507	-173.143073	0	T:1226.0(4.99%),B:712.3(2.84%),P:1e-75	Tpos:102.2,Tstd:54.7,Bpos:98.2,Bstd:60.3,StrandBias:-0.0,Multiplicity:1.03
0.195	0.182	0.451	0.172
0.517	0.221	0.128	0.134
0.166	0.060	0.151	0.623
0.130	0.130	0.577	0.163
0.129	0.183	0.110	0.578
0.144	0.045	0.187	0.624
0.133	0.106	0.611	0.150
0.173	0.577	0.122	0.128
0.633	0.183	0.059	0.125
0.601	0.094	0.193	0.112
0.179	0.548	0.151	0.122
0.530	0.173	0.099	0.198
>NNAGGATGTGNN	13-NNAGGATGTGNN	7.164532	-143.696187	0	T:103.0(0.42%),B:11.2(0.04%),P:1e-62	Tpos:96.4,Tstd:48.4,Bpos:109.1,Bstd:48.7,StrandBias:0.0,Multiplicity:1.00
0.328	0.211	0.229	0.232
0.218	0.326	0.241	0.215
0.507	0.225	0.164	0.104
0.091	0.253	0.535	0.121
0.098	0.102	0.642	0.158
0.641	0.105	0.106	0.148
0.105	0.218	0.086	0.591
0.150	0.109	0.613	0.128
0.122	0.181	0.121	0.576
0.131	0.194	0.562	0.113
0.223	0.217	0.334	0.226
0.219	0.234	0.199	0.349
>TAACAGTTGCTG	14-TAACAGTTGCTG	11.765274	-120.134460	0	T:51.0(0.21%),B:2.3(0.01%),P:1e-52	Tpos:119.4,Tstd:56.6,Bpos:73.0,Bstd:0.0,StrandBias:0.4,Multiplicity:1.00
0.031	0.031	0.031	0.907
0.744	0.001	0.167	0.088
0.968	0.030	0.001	0.001
0.088	0.881	0.030	0.001
0.968	0.001	0.001	0.030
0.001	0.030	0.939	0.030
0.167	0.031	0.031	0.771
0.001	0.030	0.030	0.939
0.030	0.001	0.939	0.030
0.001	0.997	0.001	0.001
0.030	0.001	0.001	0.968
0.001	0.001	0.997	0.001
>GGGTTTGTGGTC	15-GGGTTTGTGGTC	10.858773	-116.181282	0	T:62.0(0.25%),B:4.6(0.02%),P:1e-50	Tpos:97.6,Tstd:55.6,Bpos:89.4,Bstd:79.8,StrandBias:-0.1,Multiplicity:1.18
0.095	0.018	0.601	0.286
0.061	0.206	0.632	0.101
0.034	0.353	0.566	0.047
0.044	0.041	0.041	0.874
0.030	0.031	0.101	0.838
0.007	0.236	0.022	0.735
0.024	0.199	0.543	0.234
0.034	0.066	0.115	0.785
0.135	0.014	0.830	0.021
0.067	0.054	0.852	0.027
0.012	0.291	0.171	0.526
0.282	0.569	0.043	0.106
>TCTGACCACAGA	16-TCTGACCACAGA	10.076922	-100.791734	0	T:202.0(0.82%),B:64.8(0.26%),P:1e-43	Tpos:102.6,Tstd:54.6,Bpos:116.4,Bstd:54.1,StrandBias:-0.0,Multiplicity:1.02
0.100	0.091	0.070	0.739
0.026	0.762	0.156	0.056
0.109	0.032	0.009	0.850
0.027	0.043	0.895	0.035
0.778	0.082	0.074	0.066
0.032	0.878	0.054	0.036
0.044	0.885	0.020	0.051
0.870	0.063	0.028	0.039
0.023	0.917	0.017	0.043
0.931	0.020	0.023	0.026
0.113	0.093	0.751	0.043
0.752	0.120	0.101	0.027
>TTCTAAATTTAG	17-TTCTAAATTTAG	8.332955	-91.483701	0	T:93.0(0.38%),B:16.7(0.07%),P:1e-39	Tpos:97.9,Tstd:54.9,Bpos:104.9,Bstd:58.4,StrandBias:-0.1,Multiplicity:1.01
0.206	0.122	0.146	0.526
0.120	0.060	0.181	0.639
0.087	0.609	0.085	0.219
0.154	0.142	0.047	0.657
0.582	0.088	0.222	0.108
0.510	0.119	0.120	0.251
0.490	0.111	0.193	0.206
0.254	0.079	0.081	0.586
0.243	0.111	0.147	0.499
0.187	0.128	0.105	0.580
0.639	0.031	0.190	0.140
0.244	0.122	0.554	0.080
>TGAAACGGAAAG	18-TGAAACGGAAAG	8.463612	-88.907752	0	T:621.0(2.53%),B:359.5(1.43%),P:1e-38	Tpos:99.8,Tstd:55.3,Bpos:97.6,Bstd:60.9,StrandBias:-0.1,Multiplicity:1.02
0.100	0.100	0.100	0.700
0.100	0.100	0.700	0.100
0.700	0.100	0.100	0.100
0.700	0.100	0.100	0.100
0.700	0.100	0.100	0.100
0.100	0.700	0.100	0.100
0.100	0.100	0.700	0.100
0.100	0.100	0.700	0.100
0.700	0.100	0.100	0.100
0.700	0.100	0.100	0.100
0.700	0.100	0.100	0.100
0.100	0.100	0.700	0.100
>GACCTTAGCGGT	19-GACCTTAGCGGT	10.168204	-79.731362	0	T:31.0(0.13%),B:1.2(0.00%),P:1e-34	Tpos:97.5,Tstd:58.5,Bpos:152.4,Bstd:28.2,StrandBias:0.6,Multiplicity:1.06
0.085	0.113	0.773	0.029
0.552	0.157	0.185	0.106
0.105	0.811	0.083	0.001
0.035	0.873	0.011	0.081
0.049	0.248	0.018	0.685
0.039	0.209	0.187	0.565
0.383	0.200	0.232	0.186
0.051	0.019	0.864	0.066
0.131	0.633	0.109	0.127
0.233	0.059	0.547	0.161
0.031	0.089	0.821	0.059
0.087	0.137	0.132	0.644
>GATCTGGTGCCA	20-GATCTGGTGCCA	10.297286	-61.986675	0	T:32.0(0.13%),B:2.6(0.01%),P:1e-26	Tpos:104.7,Tstd:61.5,Bpos:137.0,Bstd:63.5,StrandBias:1.2,Multiplicity:1.00
0.059	0.058	0.833	0.050
0.837	0.048	0.057	0.058
0.050	0.042	0.079	0.829
0.042	0.804	0.096	0.058
0.017	0.042	0.042	0.899
0.042	0.033	0.842	0.083
0.067	0.058	0.817	0.058
0.052	0.033	0.059	0.856
0.033	0.042	0.848	0.077
0.105	0.812	0.075	0.008
0.067	0.850	0.058	0.025
0.795	0.067	0.071	0.067
>AGATAAGGGAAC	21-AGATAAGGGAAC	10.855403	-60.405747	0	T:88.0(0.36%),B:22.7(0.09%),P:1e-26	Tpos:96.9,Tstd:47.5,Bpos:83.9,Bstd:56.9,StrandBias:0.1,Multiplicity:1.00
0.833	0.027	0.064	0.076
0.117	0.068	0.755	0.060
0.794	0.070	0.065	0.071
0.155	0.071	0.137	0.637
0.791	0.062	0.091	0.056
0.829	0.036	0.063	0.072
0.082	0.057	0.793	0.068
0.146	0.037	0.741	0.076
0.100	0.121	0.711	0.068
0.781	0.087	0.086	0.046
0.740	0.090	0.104	0.066
0.174	0.593	0.127	0.106
>ACTCCGCCGGTC	22-ACTCCGCCGGTC	10.409522	-43.107761	0	T:25.0(0.10%),B:2.8(0.01%),P:1e-18	Tpos:106.6,Tstd:44.4,Bpos:76.1,Bstd:59.8,StrandBias:0.1,Multiplicity:1.00
0.700	0.100	0.100	0.100
0.100	0.700	0.100	0.100
0.100	0.100	0.100	0.700
0.100	0.700	0.100	0.100
0.100	0.700	0.100	0.100
0.100	0.100	0.700	0.100
0.100	0.700	0.100	0.100
0.100	0.700	0.100	0.100
0.100	0.100	0.700	0.100
0.100	0.100	0.700	0.100
0.100	0.100	0.100	0.700
0.100	0.700	0.100	0.100
>GCTGACGTTTTT	23-GCTGACGTTTTT	11.405280	-42.873959	0	T:29.0(0.12%),B:3.6(0.01%),P:1e-18	Tpos:94.0,Tstd:50.5,Bpos:78.6,Bstd:36.5,StrandBias:-0.7,Multiplicity:1.00
0.049	0.108	0.806	0.037
0.050	0.755	0.164	0.031
0.074	0.001	0.012	0.913
0.006	0.068	0.901	0.025
0.851	0.038	0.079	0.032
0.080	0.720	0.120	0.080
0.190	0.062	0.650	0.098
0.019	0.050	0.037	0.894
0.031	0.056	0.019	0.894
0.025	0.019	0.037	0.919
0.031	0.069	0.050	0.850
0.043	0.050	0.043	0.864
>CACTGAAGCAAG	24-CACTGAAGCAAG	12.069174	-35.650506	0	T:40.0(0.16%),B:8.2(0.03%),P:1e-15	Tpos:115.9,Tstd:55.0,Bpos:135.8,Bstd:28.8,StrandBias:0.6,Multiplicity:1.00
0.001	0.912	0.086	0.001
0.912	0.001	0.001	0.086
0.001	0.997	0.001	0.001
0.001	0.001	0.029	0.969
0.001	0.001	0.969	0.029
0.997	0.001	0.001	0.001
0.805	0.001	0.164	0.030
0.030	0.030	0.939	0.001
0.164	0.805	0.001	0.030
0.939	0.030	0.030	0.001
0.834	0.001	0.164	0.001
0.030	0.030	0.939	0.001
>GAACATTGCCAC	25-GAACATTGCCAC	10.492703	-29.806880	0	T:34.0(0.14%),B:7.4(0.03%),P:1e-12	Tpos:105.5,Tstd:54.9,Bpos:73.1,Bstd:24.8,StrandBias:0.3,Multiplicity:1.00
0.059	0.030	0.830	0.081
0.820	0.059	0.070	0.051
0.847	0.037	0.030	0.086
0.073	0.869	0.051	0.007
0.811	0.087	0.051	0.051
0.023	0.045	0.045	0.887
0.059	0.051	0.037	0.853
0.052	0.085	0.752	0.111
0.022	0.889	0.037	0.052
0.067	0.874	0.015	0.044
0.778	0.062	0.029	0.131
0.082	0.808	0.051	0.059
