>ATGCTTAGTCAT	6-ATGCTTAGTCAT	7.704747	-1245.761429	0	T:4041.0(6.03%),B:1657.2(2.49%),P:1e-541
0.517	0.182	0.118	0.183
0.099	0.005	0.079	0.817
0.048	0.057	0.793	0.102
0.074	0.785	0.034	0.107
0.131	0.063	0.002	0.804
0.131	0.134	0.178	0.557
0.734	0.006	0.077	0.183
0.083	0.127	0.696	0.094
0.033	0.045	0.035	0.887
0.062	0.798	0.087	0.053
0.896	0.028	0.002	0.074
0.059	0.137	0.112	0.692
