>CMGGAAACAGCT	13-CMGGAAACAGCT	8.421495	-473.265962	0	T:4038.0(6.02%),B:2400.9(3.61%),P:1e-205
0.183	0.536	0.142	0.139
0.462	0.356	0.038	0.144
0.373	0.001	0.529	0.097
0.023	0.058	0.918	0.001
0.877	0.033	0.089	0.001
0.813	0.056	0.130	0.001
0.652	0.045	0.300	0.003
0.038	0.897	0.051	0.014
0.872	0.001	0.002	0.125
0.001	0.037	0.961	0.001
0.107	0.837	0.037	0.019
0.221	0.239	0.003	0.537
