>GCCTGTGACTAA	12-GCCTGTGACTAA	5.119308	-551.982304	0	T:12535.0(18.69%),B:9349.3(14.07%),P:1e-239
0.017	0.256	0.601	0.126
0.074	0.707	0.057	0.162
0.092	0.869	0.033	0.006
0.013	0.001	0.002	0.984
0.001	0.037	0.961	0.001
0.006	0.001	0.024	0.969
0.001	0.026	0.947	0.026
0.799	0.006	0.194	0.001
0.056	0.857	0.068	0.019
0.083	0.136	0.002	0.779
0.616	0.027	0.267	0.090
0.775	0.042	0.141	0.042
