>ATGCATTACTCA	24-ATGCATTACTCA	9.321060	-143.674819	0	T:626.0(0.93%),B:293.2(0.44%),P:1e-62
0.752	0.123	0.034	0.091
0.100	0.029	0.055	0.816
0.038	0.023	0.852	0.087
0.028	0.862	0.030	0.080
0.837	0.080	0.017	0.066
0.047	0.026	0.036	0.891
0.054	0.056	0.029	0.861
0.643	0.065	0.087	0.205
0.091	0.791	0.078	0.040
0.041	0.036	0.010	0.913
0.037	0.840	0.029	0.094
0.943	0.013	0.005	0.039
