>AAACCACTTCCC	7-AAACCACTTCCC	7.525930	-960.560995	0	T:6398.0(9.54%),B:3554.9(5.35%),P:1e-417
0.538	0.188	0.117	0.157
0.742	0.036	0.037	0.185
0.576	0.052	0.249	0.123
0.288	0.502	0.019	0.191
0.175	0.777	0.013	0.035
0.891	0.027	0.029	0.053
0.007	0.797	0.020	0.176
0.036	0.015	0.011	0.938
0.023	0.211	0.021	0.745
0.010	0.714	0.068	0.208
0.030	0.758	0.008	0.204
0.213	0.469	0.069	0.250
