>ATGATTTATGAC	22-ATGATTTATGAC	8.287641	-229.827276	0	T:1540.0(2.30%),B:846.3(1.27%),P:1e-99
0.836	0.032	0.044	0.088
0.124	0.005	0.069	0.802
0.052	0.025	0.815	0.108
0.904	0.026	0.024	0.046
0.046	0.029	0.024	0.901
0.022	0.024	0.029	0.925
0.080	0.021	0.023	0.876
0.832	0.041	0.083	0.044
0.034	0.015	0.011	0.940
0.045	0.057	0.712	0.186
0.749	0.038	0.093	0.120
0.101	0.709	0.076	0.114
