>ACTTTCRGTTTC	15-ACTTTCRGTTTC	9.440791	-358.807765	0	T:1345.0(2.01%),B:587.7(0.88%),P:1e-155
0.684	0.066	0.146	0.104
0.057	0.661	0.161	0.121
0.072	0.061	0.010	0.857
0.029	0.055	0.067	0.849
0.029	0.085	0.055	0.831
0.095	0.544	0.138	0.223
0.261	0.076	0.411	0.252
0.065	0.112	0.632	0.191
0.024	0.044	0.015	0.917
0.032	0.051	0.024	0.893
0.044	0.060	0.024	0.872
0.063	0.712	0.066	0.159
