>GATGTTGCAACA	12-GATGTTGCAACA	6.235507	-173.143073	0	T:1226.0(4.99%),B:712.3(2.84%),P:1e-75
0.195	0.182	0.451	0.172
0.517	0.221	0.128	0.134
0.166	0.060	0.151	0.623
0.130	0.130	0.577	0.163
0.129	0.183	0.110	0.578
0.144	0.045	0.187	0.624
0.133	0.106	0.611	0.150
0.173	0.577	0.122	0.128
0.633	0.183	0.059	0.125
0.601	0.094	0.193	0.112
0.179	0.548	0.151	0.122
0.530	0.173	0.099	0.198
