>GGGTTTGTGGTC	15-GGGTTTGTGGTC	10.858773	-116.181282	0	T:62.0(0.25%),B:4.6(0.02%),P:1e-50
0.095	0.018	0.601	0.286
0.061	0.206	0.632	0.101
0.034	0.353	0.566	0.047
0.044	0.041	0.041	0.874
0.030	0.031	0.101	0.838
0.007	0.236	0.022	0.735
0.024	0.199	0.543	0.234
0.034	0.066	0.115	0.785
0.135	0.014	0.830	0.021
0.067	0.054	0.852	0.027
0.012	0.291	0.171	0.526
0.282	0.569	0.043	0.106
