>GCTGACGTTTTT	23-GCTGACGTTTTT,BestGuess:NR4A1/MA1112.1/Jaspar(0.696)	11.405280	-42.873959	0	T:29.0(0.12%),B:3.6(0.01%),P:1e-18
0.049	0.108	0.806	0.037
0.050	0.755	0.164	0.031
0.074	0.001	0.012	0.913
0.006	0.068	0.901	0.025
0.851	0.038	0.079	0.032
0.080	0.720	0.120	0.080
0.190	0.062	0.650	0.098
0.019	0.050	0.037	0.894
0.031	0.056	0.019	0.894
0.025	0.019	0.037	0.919
0.031	0.069	0.050	0.850
0.043	0.050	0.043	0.864
