>TCTGACCACAGA	16-TCTGACCACAGA	10.076922	-100.791734	0	T:202.0(0.82%),B:64.8(0.26%),P:1e-43
0.100	0.091	0.070	0.739
0.026	0.762	0.156	0.056
0.109	0.032	0.009	0.850
0.027	0.043	0.895	0.035
0.778	0.082	0.074	0.066
0.032	0.878	0.054	0.036
0.044	0.885	0.020	0.051
0.870	0.063	0.028	0.039
0.023	0.917	0.017	0.043
0.931	0.020	0.023	0.026
0.113	0.093	0.751	0.043
0.752	0.120	0.101	0.027
