>ACCGCTAAGGTC	19-GACCTTAGCGGT	10.168204	-79.731362	0	T:31.0(0.13%),B:1.2(0.00%),P:1e-34
0.644	0.132	0.137	0.087
0.059	0.821	0.089	0.031
0.161	0.547	0.059	0.233
0.127	0.109	0.633	0.131
0.066	0.864	0.019	0.051
0.186	0.232	0.200	0.383
0.565	0.187	0.209	0.039
0.685	0.018	0.248	0.049
0.081	0.011	0.873	0.035
0.001	0.083	0.811	0.105
0.106	0.185	0.157	0.552
0.029	0.773	0.113	0.085
