>NNAGGATGTGNN	13-NNAGGATGTGNN	7.164532	-143.696187	0	T:103.0(0.42%),B:11.2(0.04%),P:1e-62
0.328	0.211	0.229	0.232
0.218	0.326	0.241	0.215
0.507	0.225	0.164	0.104
0.091	0.253	0.535	0.121
0.098	0.102	0.642	0.158
0.641	0.105	0.106	0.148
0.105	0.218	0.086	0.591
0.150	0.109	0.613	0.128
0.122	0.181	0.121	0.576
0.131	0.194	0.562	0.113
0.223	0.217	0.334	0.226
0.219	0.234	0.199	0.349
