>GATCTGGTGCCA	20-GATCTGGTGCCA,BestGuess:NFIX/MA0671.1/Jaspar(0.604)	10.297286	-61.986675	0	T:32.0(0.13%),B:2.6(0.01%),P:1e-26
0.059	0.058	0.833	0.050
0.837	0.048	0.057	0.058
0.050	0.042	0.079	0.829
0.042	0.804	0.096	0.058
0.017	0.042	0.042	0.899
0.042	0.033	0.842	0.083
0.067	0.058	0.817	0.058
0.052	0.033	0.059	0.856
0.033	0.042	0.848	0.077
0.105	0.812	0.075	0.008
0.067	0.850	0.058	0.025
0.795	0.067	0.071	0.067
