>GTGGCAATGTTC	25-GAACATTGCCAC	10.492703	-29.806880	0	T:34.0(0.14%),B:7.4(0.03%),P:1e-12
0.059	0.051	0.808	0.082
0.131	0.029	0.062	0.778
0.044	0.015	0.874	0.067
0.052	0.037	0.889	0.022
0.111	0.752	0.085	0.052
0.853	0.037	0.051	0.059
0.887	0.045	0.045	0.023
0.051	0.051	0.087	0.811
0.007	0.051	0.869	0.073
0.086	0.030	0.037	0.847
0.051	0.070	0.059	0.820
0.081	0.830	0.030	0.059
