>RTTGTGCAAYHH	4-RTTGTGCAAYHH,BestGuess:CEBPA/MA0102.3/Jaspar(0.956)	8.455076	-787.583237	0	T:1293.0(5.26%),B:351.1(1.40%),P:1e-342
0.430	0.127	0.365	0.078
0.060	0.070	0.025	0.845
0.009	0.006	0.047	0.938
0.281	0.013	0.482	0.225
0.215	0.017	0.024	0.744
0.017	0.020	0.955	0.008
0.309	0.509	0.010	0.172
0.973	0.017	0.001	0.009
0.955	0.005	0.032	0.008
0.048	0.354	0.188	0.410
0.348	0.327	0.115	0.211
0.369	0.222	0.148	0.261
