>YNYTTCCTGYKB	1-YNYTTCCTGYKB	6.484881	-1016.769054	0	T:10320.0(42.00%),B:7168.4(28.55%),P:1e-441
0.158	0.360	0.189	0.294
0.264	0.216	0.313	0.207
0.012	0.471	0.114	0.402
0.001	0.010	0.012	0.977
0.001	0.013	0.041	0.945
0.003	0.931	0.009	0.057
0.002	0.972	0.001	0.025
0.016	0.002	0.002	0.980
0.001	0.245	0.549	0.205
0.189	0.316	0.100	0.395
0.210	0.158	0.266	0.366
0.133	0.288	0.325	0.254
