>AGATAAGGGAAC	21-AGATAAGGGAAC	10.855403	-60.405747	0	T:88.0(0.36%),B:22.7(0.09%),P:1e-26
0.833	0.027	0.064	0.076
0.117	0.068	0.755	0.060
0.794	0.070	0.065	0.071
0.155	0.071	0.137	0.637
0.791	0.062	0.091	0.056
0.829	0.036	0.063	0.072
0.082	0.057	0.793	0.068
0.146	0.037	0.741	0.076
0.100	0.121	0.711	0.068
0.781	0.087	0.086	0.046
0.740	0.090	0.104	0.066
0.174	0.593	0.127	0.106
