>DDRTTGCACAAY	4-RTTGTGCAAYHH	8.455076	-787.583237	0	T:1293.0(5.26%),B:351.1(1.40%),P:1e-342
0.261	0.148	0.222	0.369
0.211	0.115	0.327	0.348
0.410	0.188	0.354	0.048
0.008	0.032	0.005	0.955
0.009	0.001	0.017	0.973
0.172	0.010	0.509	0.309
0.008	0.955	0.020	0.017
0.744	0.024	0.017	0.215
0.225	0.482	0.013	0.281
0.938	0.047	0.006	0.009
0.845	0.025	0.070	0.060
0.078	0.365	0.127	0.430
