>CTAAATTTAGAA	17-TTCTAAATTTAG	8.332955	-91.483701	0	T:93.0(0.38%),B:16.7(0.07%),P:1e-39
0.080	0.554	0.122	0.244
0.140	0.190	0.031	0.639
0.580	0.105	0.128	0.187
0.499	0.147	0.111	0.243
0.586	0.081	0.079	0.254
0.206	0.193	0.111	0.490
0.251	0.120	0.119	0.510
0.108	0.222	0.088	0.582
0.657	0.047	0.142	0.154
0.219	0.085	0.609	0.087
0.639	0.181	0.060	0.120
0.526	0.146	0.122	0.206
