>AWVAGGAAGT	1-AWVAGGAAGT	7.134256	-7088.103631	0	T:24136.0(36.00%),B:11205.9(16.86%),P:1e-3078	Tpos:99.6,Tstd:54.3,Bpos:100.4,Bstd:61.1,StrandBias:-0.0,Multiplicity:1.23
0.393	0.153	0.214	0.240
0.432	0.001	0.282	0.286
0.247	0.347	0.380	0.026
0.806	0.001	0.192	0.001
0.001	0.001	0.997	0.001
0.001	0.001	0.997	0.001
0.997	0.001	0.001	0.001
0.997	0.001	0.001	0.001
0.289	0.169	0.541	0.001
0.001	0.271	0.065	0.663
>DVMGGAARYV	2-DVMGGAARYV	5.808620	-6848.727178	0	T:32223.0(48.06%),B:17838.0(26.84%),P:1e-2974	Tpos:100.1,Tstd:54.9,Bpos:99.1,Bstd:60.5,StrandBias:-0.0,Multiplicity:1.14
0.378	0.133	0.229	0.260
0.229	0.359	0.267	0.144
0.339	0.475	0.185	0.001
0.063	0.001	0.935	0.001
0.016	0.001	0.978	0.005
0.814	0.138	0.047	0.001
0.774	0.001	0.001	0.224
0.425	0.001	0.525	0.049
0.077	0.330	0.137	0.457
0.254	0.224	0.339	0.183
>DATGASTCAT	3-DATGASTCAT	7.445447	-5611.609113	0	T:9524.0(14.20%),B:2658.5(4.00%),P:1e-2437	Tpos:100.3,Tstd:54.2,Bpos:99.7,Bstd:59.0,StrandBias:0.0,Multiplicity:1.10
0.233	0.169	0.323	0.275
0.511	0.220	0.199	0.070
0.001	0.001	0.001	0.997
0.001	0.001	0.756	0.242
0.997	0.001	0.001	0.001
0.120	0.333	0.351	0.196
0.001	0.001	0.001	0.997
0.247	0.751	0.001	0.001
0.997	0.001	0.001	0.001
0.123	0.209	0.192	0.476
>AAASCGGAAS	4-AAASCGGAAS	6.517438	-2974.940035	0	T:11119.0(16.58%),B:5040.4(7.58%),P:1e-1291	Tpos:100.1,Tstd:55.8,Bpos:98.4,Bstd:61.2,StrandBias:0.0,Multiplicity:1.09
0.568	0.085	0.210	0.137
0.578	0.122	0.124	0.176
0.598	0.093	0.077	0.232
0.204	0.323	0.444	0.029
0.183	0.458	0.210	0.148
0.203	0.003	0.793	0.001
0.285	0.029	0.551	0.135
0.873	0.123	0.002	0.002
0.836	0.041	0.005	0.118
0.152	0.365	0.436	0.047
>NNWAACCACA	5-NNWAACCACA	6.980776	-2583.854674	0	T:11105.0(16.56%),B:5349.7(8.05%),P:1e-1122	Tpos:100.3,Tstd:54.2,Bpos:101.1,Bstd:57.8,StrandBias:-0.0,Multiplicity:1.12
0.248	0.278	0.248	0.226
0.237	0.257	0.292	0.214
0.500	0.119	0.002	0.379
0.637	0.059	0.165	0.139
0.813	0.001	0.185	0.001
0.001	0.996	0.001	0.002
0.018	0.949	0.008	0.025
0.754	0.001	0.162	0.083
0.038	0.905	0.056	0.001
0.788	0.088	0.001	0.123
>TGACTCAGCM	6-TGACTCAGCM	6.537193	-2570.003219	0	T:11477.0(17.12%),B:5625.6(8.46%),P:1e-1116	Tpos:99.3,Tstd:55.8,Bpos:100.5,Bstd:59.6,StrandBias:-0.1,Multiplicity:1.06
0.001	0.001	0.001	0.997
0.001	0.001	0.997	0.001
0.981	0.001	0.017	0.001
0.052	0.752	0.141	0.055
0.166	0.001	0.188	0.645
0.256	0.456	0.052	0.235
0.555	0.119	0.266	0.060
0.210	0.121	0.482	0.187
0.113	0.657	0.229	0.001
0.423	0.305	0.001	0.270
>YYTGTGGTTA	7-YYTGTGGTTA	6.181948	-2105.713017	0	T:15403.0(22.97%),B:9094.4(13.68%),P:1e-914	Tpos:100.7,Tstd:56.1,Bpos:99.8,Bstd:58.8,StrandBias:0.0,Multiplicity:1.07
0.178	0.307	0.131	0.385
0.013	0.443	0.132	0.412
0.179	0.124	0.077	0.620
0.007	0.062	0.921	0.010
0.024	0.178	0.011	0.787
0.001	0.001	0.997	0.001
0.121	0.001	0.866	0.012
0.002	0.261	0.125	0.612
0.139	0.129	0.101	0.631
0.552	0.080	0.210	0.158
>GTTTCACTTC	8-GTTTCACTTC	8.952587	-934.958043	0	T:2051.0(3.06%),B:663.2(1.00%),P:1e-406	Tpos:98.4,Tstd:54.6,Bpos:103.7,Bstd:61.2,StrandBias:0.0,Multiplicity:1.01
0.016	0.088	0.867	0.029
0.007	0.020	0.001	0.972
0.022	0.012	0.026	0.940
0.006	0.007	0.001	0.986
0.001	0.980	0.001	0.018
0.963	0.001	0.001	0.035
0.022	0.564	0.318	0.096
0.031	0.001	0.004	0.964
0.001	0.001	0.001	0.997
0.020	0.978	0.001	0.001
>NRTTGCGCAA	9-NRTTGCGCAA	6.889447	-928.947934	0	T:6403.0(9.55%),B:3596.9(5.41%),P:1e-403	Tpos:99.5,Tstd:54.7,Bpos:101.1,Bstd:59.1,StrandBias:0.0,Multiplicity:1.10
0.240	0.176	0.297	0.288
0.433	0.190	0.376	0.001
0.001	0.001	0.001	0.997
0.001	0.001	0.088	0.910
0.281	0.001	0.469	0.249
0.127	0.562	0.110	0.201
0.273	0.001	0.594	0.132
0.207	0.512	0.001	0.280
0.997	0.001	0.001	0.001
0.997	0.001	0.001	0.001
>SNMAGATAAG	10-SNMAGATAAG	7.512006	-814.950026	0	T:3886.0(5.80%),B:1897.8(2.86%),P:1e-353	Tpos:100.0,Tstd:53.6,Bpos:102.1,Bstd:58.3,StrandBias:-0.1,Multiplicity:1.03
0.144	0.397	0.272	0.187
0.224	0.275	0.275	0.226
0.313	0.416	0.178	0.094
0.671	0.042	0.014	0.273
0.011	0.001	0.977	0.011
0.931	0.033	0.014	0.022
0.001	0.024	0.007	0.968
0.883	0.041	0.001	0.075
0.910	0.020	0.025	0.045
0.062	0.036	0.887	0.015
>KYTGVCAACM	11-KYTGVCAACM	5.285308	-552.476292	0	T:26175.0(39.04%),B:21897.8(32.94%),P:1e-239	Tpos:100.0,Tstd:55.5,Bpos:100.0,Bstd:58.9,StrandBias:0.0,Multiplicity:1.24
0.071	0.242	0.411	0.276
0.040	0.436	0.229	0.296
0.112	0.001	0.001	0.886
0.188	0.001	0.810	0.001
0.342	0.347	0.267	0.044
0.001	0.728	0.001	0.270
0.997	0.001	0.001	0.001
0.594	0.001	0.404	0.001
0.163	0.517	0.215	0.105
0.348	0.357	0.115	0.180
>ACTTCTCYTT	12-ACTTCTCYTT	10.140122	-524.862587	0	T:1317.0(1.96%),B:463.7(0.70%),P:1e-227	Tpos:98.9,Tstd:55.9,Bpos:96.9,Bstd:65.5,StrandBias:0.2,Multiplicity:1.01
0.997	0.001	0.001	0.001
0.052	0.946	0.001	0.001
0.001	0.001	0.002	0.996
0.004	0.023	0.191	0.782
0.001	0.997	0.001	0.001
0.059	0.001	0.050	0.890
0.001	0.636	0.362	0.001
0.074	0.536	0.002	0.388
0.382	0.074	0.001	0.543
0.178	0.001	0.001	0.820
>CATCTGGTGG	13-CATCTGGTGG	8.509194	-384.491215	0	T:1312.0(1.96%),B:547.7(0.82%),P:1e-166	Tpos:101.8,Tstd:58.6,Bpos:101.6,Bstd:56.6,StrandBias:0.1,Multiplicity:1.02
0.001	0.982	0.016	0.001
0.830	0.164	0.001	0.005
0.014	0.008	0.008	0.970
0.007	0.983	0.009	0.001
0.001	0.024	0.001	0.974
0.329	0.054	0.570	0.047
0.001	0.086	0.905	0.008
0.034	0.020	0.006	0.940
0.001	0.021	0.955	0.023
0.020	0.037	0.935	0.008
>CMTGTGRCCA	14-CMTGTGRCCA	6.585210	-364.023847	0	T:8518.0(12.70%),B:6330.6(9.52%),P:1e-158	Tpos:99.2,Tstd:56.1,Bpos:102.1,Bstd:59.3,StrandBias:-0.0,Multiplicity:1.04
0.103	0.545	0.351	0.001
0.397	0.420	0.001	0.182
0.001	0.151	0.001	0.847
0.001	0.147	0.851	0.001
0.001	0.001	0.001	0.997
0.257	0.115	0.417	0.211
0.482	0.001	0.516	0.001
0.001	0.997	0.001	0.001
0.318	0.562	0.119	0.001
0.681	0.001	0.317	0.001
>CCACAAGGGG	15-CCACAAGGGG	7.375928	-339.742283	0	T:2969.0(4.43%),B:1772.0(2.67%),P:1e-147	Tpos:101.6,Tstd:57.6,Bpos:99.4,Bstd:56.6,StrandBias:0.0,Multiplicity:1.02
0.061	0.763	0.046	0.130
0.042	0.865	0.066	0.027
0.755	0.076	0.078	0.091
0.048	0.861	0.044	0.047
0.734	0.039	0.078	0.149
0.754	0.080	0.061	0.105
0.115	0.006	0.802	0.077
0.093	0.040	0.824	0.043
0.086	0.065	0.759	0.090
0.032	0.019	0.886	0.063
>KCTGATTGGC	16-KCTGATTGGC	6.029047	-319.743221	0	T:8554.0(12.76%),B:6485.8(9.76%),P:1e-138	Tpos:99.9,Tstd:55.3,Bpos:98.9,Bstd:58.7,StrandBias:0.0,Multiplicity:1.09
0.034	0.137	0.463	0.367
0.080	0.626	0.152	0.142
0.075	0.078	0.148	0.699
0.073	0.098	0.768	0.061
0.778	0.045	0.077	0.100
0.008	0.224	0.018	0.750
0.001	0.038	0.001	0.960
0.305	0.011	0.615	0.069
0.080	0.039	0.863	0.018
0.037	0.626	0.067	0.270
>GCAGGVAGGG	17-GCAGGVAGGG	5.620820	-318.434253	0	T:26268.0(39.17%),B:22950.0(34.53%),P:1e-138	Tpos:100.0,Tstd:55.2,Bpos:99.1,Bstd:57.8,StrandBias:0.0,Multiplicity:1.50
0.095	0.180	0.637	0.088
0.026	0.858	0.113	0.003
0.538	0.157	0.140	0.165
0.062	0.161	0.673	0.104
0.101	0.157	0.589	0.153
0.371	0.269	0.311	0.049
0.534	0.076	0.236	0.154
0.084	0.094	0.736	0.086
0.170	0.023	0.805	0.002
0.200	0.153	0.635	0.012
>GCCCCGCCCH	18-GCCCCGCCCH	7.900717	-309.835425	0	T:8714.0(13.00%),B:6655.8(10.01%),P:1e-134	Tpos:100.0,Tstd:55.8,Bpos:94.0,Bstd:57.0,StrandBias:0.0,Multiplicity:1.22
0.188	0.001	0.681	0.130
0.001	0.649	0.236	0.114
0.214	0.548	0.001	0.237
0.238	0.696	0.001	0.065
0.001	0.997	0.001	0.001
0.250	0.001	0.579	0.170
0.001	0.997	0.001	0.001
0.039	0.959	0.001	0.001
0.001	0.978	0.020	0.001
0.284	0.288	0.055	0.373
>DRTGACGTCA	19-DRTGACGTCA	7.936394	-270.933059	0	T:2367.0(3.53%),B:1411.0(2.12%),P:1e-117	Tpos:101.8,Tstd:55.5,Bpos:96.9,Bstd:57.9,StrandBias:-0.0,Multiplicity:1.02
0.277	0.022	0.414	0.288
0.339	0.134	0.419	0.108
0.001	0.001	0.001	0.997
0.051	0.001	0.947	0.001
0.997	0.001	0.001	0.001
0.001	0.590	0.160	0.249
0.254	0.123	0.622	0.001
0.053	0.127	0.074	0.746
0.259	0.690	0.050	0.001
0.970	0.001	0.001	0.028
>CATAAATCAT	20-CATAAATCAT	7.522765	-250.775527	0	T:2324.0(3.47%),B:1408.5(2.12%),P:1e-108	Tpos:101.2,Tstd:54.6,Bpos:96.9,Bstd:56.7,StrandBias:-0.1,Multiplicity:1.03
0.098	0.708	0.100	0.094
0.841	0.053	0.063	0.043
0.012	0.122	0.041	0.825
0.812	0.099	0.024	0.065
0.807	0.060	0.051	0.082
0.827	0.071	0.063	0.039
0.014	0.058	0.068	0.860
0.056	0.827	0.025	0.092
0.776	0.092	0.020	0.112
0.095	0.126	0.062	0.717
>AMAGSRAAGC	21-AMAGSRAAGC	5.745525	-228.284868	0	T:7078.0(10.56%),B:5463.7(8.22%),P:1e-99	Tpos:101.3,Tstd:56.1,Bpos:100.9,Bstd:61.3,StrandBias:0.0,Multiplicity:1.04
0.467	0.200	0.108	0.225
0.249	0.370	0.208	0.173
0.422	0.221	0.182	0.176
0.031	0.290	0.479	0.200
0.021	0.367	0.489	0.123
0.533	0.037	0.410	0.020
0.428	0.273	0.215	0.084
0.819	0.027	0.126	0.028
0.250	0.100	0.631	0.019
0.022	0.699	0.024	0.255
>CCATGGCAAC	22-CCATGGCAAC	7.775213	-211.824058	0	T:1542.0(2.30%),B:870.6(1.31%),P:1e-91	Tpos:99.4,Tstd:53.7,Bpos:95.5,Bstd:58.4,StrandBias:-0.0,Multiplicity:1.11
0.020	0.940	0.007	0.033
0.001	0.857	0.001	0.141
0.997	0.001	0.001	0.001
0.028	0.031	0.010	0.931
0.258	0.007	0.729	0.006
0.037	0.001	0.953	0.009
0.119	0.837	0.001	0.043
0.976	0.001	0.012	0.011
0.953	0.012	0.024	0.011
0.001	0.972	0.001	0.026
>GGAAATCCCC	23-GGAAATCCCC	9.206764	-203.732178	0	T:876.0(1.31%),B:407.6(0.61%),P:1e-88	Tpos:99.4,Tstd:54.3,Bpos:101.0,Bstd:58.3,StrandBias:0.0,Multiplicity:1.01
0.042	0.008	0.935	0.015
0.037	0.040	0.922	0.001
0.968	0.001	0.030	0.001
0.997	0.001	0.001	0.001
0.842	0.001	0.077	0.080
0.107	0.019	0.172	0.702
0.085	0.780	0.040	0.095
0.032	0.956	0.011	0.001
0.001	0.982	0.016	0.001
0.001	0.975	0.001	0.023
>ACAGGAAAGG	24-ACAGGAAAGG	8.630812	-98.104330	0	T:2055.0(3.06%),B:1486.1(2.24%),P:1e-42	Tpos:100.0,Tstd:55.8,Bpos:102.1,Bstd:59.5,StrandBias:-0.0,Multiplicity:1.02
0.921	0.001	0.077	0.001
0.001	0.997	0.001	0.001
0.572	0.183	0.244	0.001
0.001	0.315	0.683	0.001
0.151	0.164	0.684	0.001
0.773	0.077	0.149	0.001
0.629	0.169	0.201	0.001
0.958	0.040	0.001	0.001
0.133	0.001	0.865	0.001
0.001	0.001	0.911	0.087
>STATGACGCA	25-STATGACGCA	10.884680	-76.166947	0	T:59.0(0.09%),B:7.5(0.01%),P:1e-33	Tpos:95.8,Tstd:52.3,Bpos:9.0,Bstd:0.0,StrandBias:-0.6,Multiplicity:1.00
0.001	0.468	0.530	0.001
0.001	0.001	0.001	0.997
0.997	0.001	0.001	0.001
0.001	0.148	0.001	0.850
0.001	0.001	0.997	0.001
0.923	0.001	0.075	0.001
0.001	0.997	0.001	0.001
0.206	0.001	0.682	0.111
0.001	0.997	0.001	0.001
0.603	0.038	0.248	0.111
