>AAAGAGGAAGTR	1-AAAGAGGAAGTR	5.404511	-7339.936092	0	T:23541.0(35.11%),B:10590.0(15.93%),P:1e-3187	Tpos:99.7,Tstd:53.8,Bpos:100.5,Bstd:60.3,StrandBias:-0.0,Multiplicity:1.23
0.645	0.071	0.135	0.149
0.709	0.054	0.155	0.082
0.692	0.001	0.157	0.150
0.148	0.313	0.538	0.001
0.952	0.001	0.046	0.001
0.001	0.001	0.997	0.001
0.001	0.001	0.997	0.001
0.997	0.001	0.001	0.001
0.997	0.001	0.001	0.001
0.239	0.092	0.668	0.001
0.001	0.262	0.001	0.736
0.301	0.103	0.383	0.213
>NMTGASTCABNN	2-NMTGASTCABNN	7.493124	-5539.039818	0	T:8485.0(12.65%),B:2164.5(3.26%),P:1e-2405	Tpos:100.7,Tstd:53.7,Bpos:98.8,Bstd:58.4,StrandBias:-0.0,Multiplicity:1.09
0.241	0.211	0.279	0.269
0.398	0.266	0.237	0.099
0.001	0.001	0.001	0.997
0.001	0.001	0.755	0.243
0.997	0.001	0.001	0.001
0.139	0.374	0.340	0.147
0.081	0.001	0.001	0.917
0.232	0.766	0.001	0.001
0.997	0.001	0.001	0.001
0.108	0.258	0.271	0.364
0.284	0.254	0.187	0.275
0.245	0.251	0.235	0.269
>HNNAAACCACAR	3-HNNAAACCACAR	5.914107	-2222.088850	0	T:7079.0(10.56%),B:2915.9(4.39%),P:1e-965	Tpos:100.3,Tstd:53.7,Bpos:100.9,Bstd:57.5,StrandBias:-0.0,Multiplicity:1.07
0.326	0.200	0.164	0.311
0.266	0.188	0.331	0.215
0.297	0.263	0.259	0.182
0.936	0.026	0.001	0.037
0.988	0.001	0.010	0.001
0.973	0.001	0.025	0.001
0.001	0.997	0.001	0.001
0.001	0.997	0.001	0.001
0.997	0.001	0.001	0.001
0.001	0.997	0.001	0.001
0.976	0.022	0.001	0.001
0.338	0.063	0.381	0.219
>AAAAGSAGAAGT	4-AAAAGSAGAAGT	9.412931	-1860.977480	0	T:4139.0(6.17%),B:1363.4(2.05%),P:1e-808	Tpos:99.4,Tstd:54.8,Bpos:100.9,Bstd:62.3,StrandBias:-0.0,Multiplicity:1.04
0.645	0.044	0.255	0.056
0.855	0.001	0.125	0.019
0.960	0.018	0.001	0.021
0.815	0.001	0.041	0.143
0.174	0.030	0.715	0.081
0.149	0.446	0.300	0.105
0.673	0.001	0.325	0.001
0.004	0.006	0.989	0.001
0.988	0.010	0.001	0.001
0.977	0.001	0.001	0.021
0.001	0.307	0.691	0.001
0.088	0.247	0.066	0.599
>GTTTCASTTCCC	5-GTTTCASTTCCC	6.875583	-1319.429173	0	T:2830.0(4.22%),B:904.6(1.36%),P:1e-573	Tpos:101.1,Tstd:54.6,Bpos:100.7,Bstd:59.6,StrandBias:-0.0,Multiplicity:1.03
0.001	0.211	0.787	0.001
0.001	0.001	0.001	0.997
0.001	0.001	0.001	0.997
0.001	0.001	0.001	0.997
0.001	0.997	0.001	0.001
0.997	0.001	0.001	0.001
0.001	0.563	0.432	0.004
0.001	0.001	0.001	0.997
0.001	0.001	0.001	0.997
0.001	0.836	0.001	0.162
0.001	0.609	0.001	0.389
0.091	0.550	0.091	0.268
>ATGCTTAGTCAT	6-ATGCTTAGTCAT	7.704747	-1245.761429	0	T:4041.0(6.03%),B:1657.2(2.49%),P:1e-541	Tpos:100.3,Tstd:55.8,Bpos:98.1,Bstd:57.3,StrandBias:0.1,Multiplicity:1.03
0.517	0.182	0.118	0.183
0.099	0.005	0.079	0.817
0.048	0.057	0.793	0.102
0.074	0.785	0.034	0.107
0.131	0.063	0.002	0.804
0.131	0.134	0.178	0.557
0.734	0.006	0.077	0.183
0.083	0.127	0.696	0.094
0.033	0.045	0.035	0.887
0.062	0.798	0.087	0.053
0.896	0.028	0.002	0.074
0.059	0.137	0.112	0.692
>AAACCACTTCCC	7-AAACCACTTCCC	7.525930	-960.560995	0	T:6398.0(9.54%),B:3554.9(5.35%),P:1e-417	Tpos:98.6,Tstd:55.9,Bpos:102.3,Bstd:59.3,StrandBias:0.0,Multiplicity:1.03
0.538	0.188	0.117	0.157
0.742	0.036	0.037	0.185
0.576	0.052	0.249	0.123
0.288	0.502	0.019	0.191
0.175	0.777	0.013	0.035
0.891	0.027	0.029	0.053
0.007	0.797	0.020	0.176
0.036	0.015	0.011	0.938
0.023	0.211	0.021	0.745
0.010	0.714	0.068	0.208
0.030	0.758	0.008	0.204
0.213	0.469	0.069	0.250
>WKATTGCACAAT	8-WKATTGCACAAT	6.548421	-853.971218	0	T:4427.0(6.60%),B:2237.1(3.37%),P:1e-370	Tpos:98.1,Tstd:54.7,Bpos:100.1,Bstd:58.4,StrandBias:-0.0,Multiplicity:1.08
0.379	0.175	0.064	0.382
0.228	0.060	0.328	0.384
0.545	0.071	0.382	0.002
0.001	0.001	0.001	0.997
0.001	0.001	0.001	0.997
0.038	0.001	0.644	0.317
0.001	0.997	0.001	0.001
0.942	0.001	0.001	0.056
0.177	0.667	0.007	0.149
0.997	0.001	0.001	0.001
0.997	0.001	0.001	0.001
0.005	0.311	0.047	0.637
>CCACYAGRKGGC	9-CCACYAGRKGGC	10.256040	-755.281160	0	T:1109.0(1.65%),B:262.0(0.39%),P:1e-328	Tpos:101.1,Tstd:60.3,Bpos:101.9,Bstd:56.8,StrandBias:0.0,Multiplicity:1.01
0.069	0.837	0.024	0.070
0.001	0.997	0.001	0.001
0.909	0.001	0.001	0.089
0.001	0.698	0.300	0.001
0.063	0.529	0.016	0.392
0.963	0.001	0.001	0.035
0.024	0.001	0.937	0.038
0.540	0.008	0.451	0.001
0.015	0.001	0.536	0.448
0.001	0.001	0.997	0.001
0.001	0.020	0.864	0.115
0.226	0.580	0.001	0.193
>TCTTCCTCWTTT	10-TCTTCCTCWTTT	9.841502	-675.854435	0	T:2395.0(3.57%),B:1020.0(1.53%),P:1e-293	Tpos:99.8,Tstd:54.4,Bpos:100.0,Bstd:59.4,StrandBias:0.1,Multiplicity:1.02
0.001	0.311	0.001	0.687
0.031	0.600	0.286	0.083
0.001	0.001	0.001	0.997
0.001	0.001	0.001	0.997
0.001	0.997	0.001	0.001
0.018	0.980	0.001	0.001
0.001	0.228	0.001	0.770
0.048	0.686	0.176	0.090
0.364	0.141	0.001	0.494
0.186	0.001	0.001	0.812
0.117	0.001	0.057	0.825
0.146	0.201	0.048	0.605
>CAGCTGTTTCCT	11-CAGCTGTTTCCT	12.254691	-637.312951	0	T:436.0(0.65%),B:41.6(0.06%),P:1e-276	Tpos:97.9,Tstd:55.2,Bpos:98.7,Bstd:57.3,StrandBias:-0.0,Multiplicity:1.01
0.034	0.964	0.001	0.001
0.988	0.001	0.001	0.010
0.001	0.055	0.765	0.179
0.113	0.804	0.079	0.004
0.003	0.001	0.001	0.995
0.012	0.001	0.979	0.008
0.012	0.056	0.006	0.926
0.028	0.003	0.003	0.966
0.001	0.005	0.006	0.988
0.007	0.991	0.001	0.001
0.001	0.993	0.001	0.005
0.014	0.104	0.012	0.870
>GCCTGTGACTAA	12-GCCTGTGACTAA	5.119308	-551.982304	0	T:12535.0(18.69%),B:9349.3(14.07%),P:1e-239	Tpos:99.6,Tstd:55.6,Bpos:101.3,Bstd:58.4,StrandBias:0.0,Multiplicity:1.09
0.017	0.256	0.601	0.126
0.074	0.707	0.057	0.162
0.092	0.869	0.033	0.006
0.013	0.001	0.002	0.984
0.001	0.037	0.961	0.001
0.006	0.001	0.024	0.969
0.001	0.026	0.947	0.026
0.799	0.006	0.194	0.001
0.056	0.857	0.068	0.019
0.083	0.136	0.002	0.779
0.616	0.027	0.267	0.090
0.775	0.042	0.141	0.042
>CMGGAAACAGCT	13-CMGGAAACAGCT	8.421495	-473.265962	0	T:4038.0(6.02%),B:2400.9(3.61%),P:1e-205	Tpos:101.1,Tstd:54.4,Bpos:102.6,Bstd:60.5,StrandBias:-0.0,Multiplicity:1.02
0.183	0.536	0.142	0.139
0.462	0.356	0.038	0.144
0.373	0.001	0.529	0.097
0.023	0.058	0.918	0.001
0.877	0.033	0.089	0.001
0.813	0.056	0.130	0.001
0.652	0.045	0.300	0.003
0.038	0.897	0.051	0.014
0.872	0.001	0.002	0.125
0.001	0.037	0.961	0.001
0.107	0.837	0.037	0.019
0.221	0.239	0.003	0.537
>ACAGGATGTGRN	14-ACAGGATGTGRN	7.286448	-408.438784	0	T:2834.0(4.23%),B:1578.4(2.37%),P:1e-177	Tpos:99.8,Tstd:54.1,Bpos:97.9,Bstd:58.5,StrandBias:0.0,Multiplicity:1.02
0.435	0.118	0.224	0.223
0.078	0.793	0.085	0.044
0.922	0.064	0.013	0.001
0.001	0.012	0.982	0.005
0.050	0.021	0.872	0.057
0.995	0.001	0.001	0.003
0.001	0.014	0.001	0.984
0.053	0.001	0.945	0.001
0.001	0.009	0.001	0.989
0.030	0.045	0.924	0.001
0.291	0.126	0.432	0.151
0.181	0.274	0.272	0.273
>ACTTTCRGTTTC	15-ACTTTCRGTTTC	9.440791	-358.807765	0	T:1345.0(2.01%),B:587.7(0.88%),P:1e-155	Tpos:101.0,Tstd:55.4,Bpos:106.4,Bstd:60.3,StrandBias:0.2,Multiplicity:1.01
0.684	0.066	0.146	0.104
0.057	0.661	0.161	0.121
0.072	0.061	0.010	0.857
0.029	0.055	0.067	0.849
0.029	0.085	0.055	0.831
0.095	0.544	0.138	0.223
0.261	0.076	0.411	0.252
0.065	0.112	0.632	0.191
0.024	0.044	0.015	0.917
0.032	0.051	0.024	0.893
0.044	0.060	0.024	0.872
0.063	0.712	0.066	0.159
>TCTGACCACAGA	16-TCTGACCACAGA	8.034167	-338.639317	0	T:4471.0(6.67%),B:2965.4(4.46%),P:1e-147	Tpos:100.8,Tstd:53.9,Bpos:100.7,Bstd:56.7,StrandBias:-0.0,Multiplicity:1.04
0.120	0.255	0.150	0.476
0.073	0.609	0.159	0.159
0.020	0.007	0.001	0.972
0.001	0.318	0.496	0.185
0.598	0.172	0.093	0.137
0.019	0.731	0.241	0.009
0.022	0.976	0.001	0.001
0.907	0.088	0.004	0.001
0.026	0.942	0.031	0.001
0.985	0.003	0.001	0.011
0.247	0.203	0.490	0.061
0.420	0.250	0.099	0.231
>AATGWTGCAACA	17-AATGWTGCAACA	7.983974	-303.469012	0	T:2198.0(3.28%),B:1239.1(1.86%),P:1e-131	Tpos:100.9,Tstd:54.6,Bpos:100.9,Bstd:56.8,StrandBias:0.0,Multiplicity:1.03
0.420	0.156	0.262	0.162
0.517	0.234	0.200	0.049
0.011	0.010	0.025	0.954
0.176	0.078	0.738	0.008
0.429	0.015	0.011	0.545
0.051	0.002	0.259	0.688
0.019	0.011	0.835	0.135
0.082	0.800	0.006	0.112
0.800	0.192	0.002	0.006
0.901	0.007	0.077	0.015
0.009	0.594	0.087	0.310
0.722	0.238	0.021	0.019
>GGCAGSCTGCCA	18-GGCAGSCTGCCA	8.725385	-265.215724	0	T:2212.0(3.30%),B:1301.1(1.96%),P:1e-115	Tpos:98.4,Tstd:54.0,Bpos:101.2,Bstd:57.7,StrandBias:-0.0,Multiplicity:1.02
0.010	0.003	0.981	0.006
0.021	0.096	0.815	0.068
0.267	0.702	0.001	0.030
0.541	0.140	0.029	0.290
0.069	0.235	0.535	0.161
0.153	0.295	0.369	0.183
0.172	0.732	0.065	0.031
0.389	0.025	0.001	0.585
0.001	0.007	0.989	0.003
0.003	0.927	0.005	0.065
0.035	0.963	0.001	0.001
0.781	0.001	0.013	0.205
>GTTGCCATGGCA	19-GTTGCCATGGCA	7.027867	-251.865681	0	T:2685.0(4.00%),B:1688.8(2.54%),P:1e-109	Tpos:100.2,Tstd:54.0,Bpos:98.6,Bstd:58.8,StrandBias:0.1,Multiplicity:1.04
0.116	0.001	0.882	0.001
0.018	0.001	0.001	0.980
0.001	0.064	0.001	0.934
0.101	0.001	0.649	0.249
0.001	0.997	0.001	0.001
0.001	0.744	0.001	0.254
0.908	0.013	0.019	0.060
0.112	0.001	0.133	0.754
0.192	0.001	0.806	0.001
0.197	0.001	0.801	0.001
0.225	0.528	0.121	0.126
0.891	0.001	0.107	0.001
>GCCCCKCCCYCY	20-GCCCCKCCCYCY	8.074951	-247.684940	0	T:11372.0(16.96%),B:9255.8(13.92%),P:1e-107	Tpos:99.2,Tstd:54.8,Bpos:94.9,Bstd:54.7,StrandBias:-0.0,Multiplicity:1.39
0.165	0.094	0.543	0.198
0.001	0.883	0.115	0.001
0.001	0.779	0.018	0.202
0.067	0.925	0.005	0.003
0.019	0.922	0.001	0.058
0.249	0.001	0.413	0.338
0.001	0.997	0.001	0.001
0.001	0.997	0.001	0.001
0.001	0.781	0.001	0.217
0.199	0.352	0.115	0.334
0.001	0.492	0.188	0.319
0.143	0.354	0.163	0.341
>CGGTGACGTCAC	21-CGGTGACGTCAC	3.137491	-241.929947	0	T:4471.0(6.67%),B:3170.4(4.77%),P:1e-105	Tpos:101.1,Tstd:55.2,Bpos:97.4,Bstd:59.4,StrandBias:-0.0,Multiplicity:1.04
0.184	0.421	0.213	0.182
0.202	0.186	0.440	0.172
0.182	0.079	0.558	0.181
0.001	0.053	0.001	0.945
0.001	0.001	0.968	0.030
0.997	0.001	0.001	0.001
0.001	0.997	0.001	0.001
0.001	0.001	0.997	0.001
0.001	0.001	0.001	0.997
0.047	0.919	0.003	0.031
0.748	0.051	0.111	0.090
0.044	0.495	0.306	0.154
>ATGATTTATGAC	22-ATGATTTATGAC	8.287641	-229.827276	0	T:1540.0(2.30%),B:846.3(1.27%),P:1e-99	Tpos:101.0,Tstd:53.6,Bpos:100.9,Bstd:56.4,StrandBias:0.0,Multiplicity:1.03
0.836	0.032	0.044	0.088
0.124	0.005	0.069	0.802
0.052	0.025	0.815	0.108
0.904	0.026	0.024	0.046
0.046	0.029	0.024	0.901
0.022	0.024	0.029	0.925
0.080	0.021	0.023	0.876
0.832	0.041	0.083	0.044
0.034	0.015	0.011	0.940
0.045	0.057	0.712	0.186
0.749	0.038	0.093	0.120
0.101	0.709	0.076	0.114
>YGGGRMTTTCCC	23-YGGGRMTTTCCC	7.965612	-168.018063	0	T:3747.0(5.59%),B:2741.5(4.12%),P:1e-72	Tpos:100.9,Tstd:54.7,Bpos:99.4,Bstd:57.3,StrandBias:0.0,Multiplicity:1.04
0.205	0.368	0.182	0.245
0.201	0.030	0.493	0.276
0.001	0.001	0.988	0.010
0.001	0.005	0.993	0.001
0.372	0.140	0.473	0.015
0.361	0.392	0.200	0.047
0.212	0.252	0.133	0.403
0.001	0.165	0.223	0.611
0.001	0.284	0.031	0.684
0.001	0.812	0.020	0.167
0.001	0.956	0.001	0.042
0.097	0.829	0.001	0.073
>ATGCATTACTCA	24-ATGCATTACTCA	9.321060	-143.674819	0	T:626.0(0.93%),B:293.2(0.44%),P:1e-62	Tpos:100.5,Tstd:55.6,Bpos:103.9,Bstd:59.4,StrandBias:-0.1,Multiplicity:1.02
0.752	0.123	0.034	0.091
0.100	0.029	0.055	0.816
0.038	0.023	0.852	0.087
0.028	0.862	0.030	0.080
0.837	0.080	0.017	0.066
0.047	0.026	0.036	0.891
0.054	0.056	0.029	0.861
0.643	0.065	0.087	0.205
0.091	0.791	0.078	0.040
0.041	0.036	0.010	0.913
0.037	0.840	0.029	0.094
0.943	0.013	0.005	0.039
>CTTATCTTATCG	25-CTTATCTTATCG	8.463612	-90.209738	0	T:600.0(0.89%),B:330.2(0.50%),P:1e-39	Tpos:99.1,Tstd:54.3,Bpos:102.2,Bstd:56.1,StrandBias:-0.0,Multiplicity:1.00
0.100	0.700	0.100	0.100
0.100	0.100	0.100	0.700
0.100	0.100	0.100	0.700
0.700	0.100	0.100	0.100
0.100	0.100	0.100	0.700
0.100	0.700	0.100	0.100
0.100	0.100	0.100	0.700
0.100	0.100	0.100	0.700
0.700	0.100	0.100	0.100
0.100	0.100	0.100	0.700
0.100	0.700	0.100	0.100
0.100	0.100	0.700	0.100
