>AWVAGGAAGT	1-AWVAGGAAGT	7.134256	-7088.103631	0	T:24136.0(36.00%),B:11205.9(16.86%),P:1e-3078	Tpos:99.6,Tstd:54.3,Bpos:100.4,Bstd:61.1,StrandBias:-0.0,Multiplicity:1.23
0.393	0.153	0.214	0.240
0.432	0.001	0.282	0.286
0.247	0.347	0.380	0.026
0.806	0.001	0.192	0.001
0.001	0.001	0.997	0.001
0.001	0.001	0.997	0.001
0.997	0.001	0.001	0.001
0.997	0.001	0.001	0.001
0.289	0.169	0.541	0.001
0.001	0.271	0.065	0.663
>DVMGGAARYV	2-DVMGGAARYV	5.808620	-6848.727178	0	T:32223.0(48.06%),B:17838.0(26.84%),P:1e-2974	Tpos:100.1,Tstd:54.9,Bpos:99.1,Bstd:60.5,StrandBias:-0.0,Multiplicity:1.14
0.378	0.133	0.229	0.260
0.229	0.359	0.267	0.144
0.339	0.475	0.185	0.001
0.063	0.001	0.935	0.001
0.016	0.001	0.978	0.005
0.814	0.138	0.047	0.001
0.774	0.001	0.001	0.224
0.425	0.001	0.525	0.049
0.077	0.330	0.137	0.457
0.254	0.224	0.339	0.183
>DATGASTCAT	3-DATGASTCAT	7.445447	-5611.609113	0	T:9524.0(14.20%),B:2658.5(4.00%),P:1e-2437	Tpos:100.3,Tstd:54.2,Bpos:99.7,Bstd:59.0,StrandBias:0.0,Multiplicity:1.10
0.233	0.169	0.323	0.275
0.511	0.220	0.199	0.070
0.001	0.001	0.001	0.997
0.001	0.001	0.756	0.242
0.997	0.001	0.001	0.001
0.120	0.333	0.351	0.196
0.001	0.001	0.001	0.997
0.247	0.751	0.001	0.001
0.997	0.001	0.001	0.001
0.123	0.209	0.192	0.476
>AAASCGGAAS	4-AAASCGGAAS	6.517438	-2974.940035	0	T:11119.0(16.58%),B:5040.4(7.58%),P:1e-1291	Tpos:100.1,Tstd:55.8,Bpos:98.4,Bstd:61.2,StrandBias:0.0,Multiplicity:1.09
0.568	0.085	0.210	0.137
0.578	0.122	0.124	0.176
0.598	0.093	0.077	0.232
0.204	0.323	0.444	0.029
0.183	0.458	0.210	0.148
0.203	0.003	0.793	0.001
0.285	0.029	0.551	0.135
0.873	0.123	0.002	0.002
0.836	0.041	0.005	0.118
0.152	0.365	0.436	0.047
>NNWAACCACA	5-NNWAACCACA	6.980776	-2583.854674	0	T:11105.0(16.56%),B:5349.7(8.05%),P:1e-1122	Tpos:100.3,Tstd:54.2,Bpos:101.1,Bstd:57.8,StrandBias:-0.0,Multiplicity:1.12
0.248	0.278	0.248	0.226
0.237	0.257	0.292	0.214
0.500	0.119	0.002	0.379
0.637	0.059	0.165	0.139
0.813	0.001	0.185	0.001
0.001	0.996	0.001	0.002
0.018	0.949	0.008	0.025
0.754	0.001	0.162	0.083
0.038	0.905	0.056	0.001
0.788	0.088	0.001	0.123
>TGACTCAGCM	6-TGACTCAGCM	6.537193	-2570.003219	0	T:11477.0(17.12%),B:5625.6(8.46%),P:1e-1116	Tpos:99.3,Tstd:55.8,Bpos:100.5,Bstd:59.6,StrandBias:-0.1,Multiplicity:1.06
0.001	0.001	0.001	0.997
0.001	0.001	0.997	0.001
0.981	0.001	0.017	0.001
0.052	0.752	0.141	0.055
0.166	0.001	0.188	0.645
0.256	0.456	0.052	0.235
0.555	0.119	0.266	0.060
0.210	0.121	0.482	0.187
0.113	0.657	0.229	0.001
0.423	0.305	0.001	0.270
>YYTGTGGTTA	7-YYTGTGGTTA	6.181948	-2105.713017	0	T:15403.0(22.97%),B:9094.4(13.68%),P:1e-914	Tpos:100.7,Tstd:56.1,Bpos:99.8,Bstd:58.8,StrandBias:0.0,Multiplicity:1.07
0.178	0.307	0.131	0.385
0.013	0.443	0.132	0.412
0.179	0.124	0.077	0.620
0.007	0.062	0.921	0.010
0.024	0.178	0.011	0.787
0.001	0.001	0.997	0.001
0.121	0.001	0.866	0.012
0.002	0.261	0.125	0.612
0.139	0.129	0.101	0.631
0.552	0.080	0.210	0.158
>GTTTCACTTC	8-GTTTCACTTC	8.952587	-934.958043	0	T:2051.0(3.06%),B:663.2(1.00%),P:1e-406	Tpos:98.4,Tstd:54.6,Bpos:103.7,Bstd:61.2,StrandBias:0.0,Multiplicity:1.01
0.016	0.088	0.867	0.029
0.007	0.020	0.001	0.972
0.022	0.012	0.026	0.940
0.006	0.007	0.001	0.986
0.001	0.980	0.001	0.018
0.963	0.001	0.001	0.035
0.022	0.564	0.318	0.096
0.031	0.001	0.004	0.964
0.001	0.001	0.001	0.997
0.020	0.978	0.001	0.001
>NRTTGCGCAA	9-NRTTGCGCAA	6.889447	-928.947934	0	T:6403.0(9.55%),B:3596.9(5.41%),P:1e-403	Tpos:99.5,Tstd:54.7,Bpos:101.1,Bstd:59.1,StrandBias:0.0,Multiplicity:1.10
0.240	0.176	0.297	0.288
0.433	0.190	0.376	0.001
0.001	0.001	0.001	0.997
0.001	0.001	0.088	0.910
0.281	0.001	0.469	0.249
0.127	0.562	0.110	0.201
0.273	0.001	0.594	0.132
0.207	0.512	0.001	0.280
0.997	0.001	0.001	0.001
0.997	0.001	0.001	0.001
>SNMAGATAAG	10-SNMAGATAAG	7.512006	-814.950026	0	T:3886.0(5.80%),B:1897.8(2.86%),P:1e-353	Tpos:100.0,Tstd:53.6,Bpos:102.1,Bstd:58.3,StrandBias:-0.1,Multiplicity:1.03
0.144	0.397	0.272	0.187
0.224	0.275	0.275	0.226
0.313	0.416	0.178	0.094
0.671	0.042	0.014	0.273
0.011	0.001	0.977	0.011
0.931	0.033	0.014	0.022
0.001	0.024	0.007	0.968
0.883	0.041	0.001	0.075
0.910	0.020	0.025	0.045
0.062	0.036	0.887	0.015
>KYTGVCAACM	11-KYTGVCAACM	5.285308	-552.476292	0	T:26175.0(39.04%),B:21897.8(32.94%),P:1e-239	Tpos:100.0,Tstd:55.5,Bpos:100.0,Bstd:58.9,StrandBias:0.0,Multiplicity:1.24
0.071	0.242	0.411	0.276
0.040	0.436	0.229	0.296
0.112	0.001	0.001	0.886
0.188	0.001	0.810	0.001
0.342	0.347	0.267	0.044
0.001	0.728	0.001	0.270
0.997	0.001	0.001	0.001
0.594	0.001	0.404	0.001
0.163	0.517	0.215	0.105
0.348	0.357	0.115	0.180
>ACTTCTCYTT	12-ACTTCTCYTT	10.140122	-524.862587	0	T:1317.0(1.96%),B:463.7(0.70%),P:1e-227	Tpos:98.9,Tstd:55.9,Bpos:96.9,Bstd:65.5,StrandBias:0.2,Multiplicity:1.01
0.997	0.001	0.001	0.001
0.052	0.946	0.001	0.001
0.001	0.001	0.002	0.996
0.004	0.023	0.191	0.782
0.001	0.997	0.001	0.001
0.059	0.001	0.050	0.890
0.001	0.636	0.362	0.001
0.074	0.536	0.002	0.388
0.382	0.074	0.001	0.543
0.178	0.001	0.001	0.820
>CATCTGGTGG	13-CATCTGGTGG	8.509194	-384.491215	0	T:1312.0(1.96%),B:547.7(0.82%),P:1e-166	Tpos:101.8,Tstd:58.6,Bpos:101.6,Bstd:56.6,StrandBias:0.1,Multiplicity:1.02
0.001	0.982	0.016	0.001
0.830	0.164	0.001	0.005
0.014	0.008	0.008	0.970
0.007	0.983	0.009	0.001
0.001	0.024	0.001	0.974
0.329	0.054	0.570	0.047
0.001	0.086	0.905	0.008
0.034	0.020	0.006	0.940
0.001	0.021	0.955	0.023
0.020	0.037	0.935	0.008
>CMTGTGRCCA	14-CMTGTGRCCA	6.585210	-364.023847	0	T:8518.0(12.70%),B:6330.6(9.52%),P:1e-158	Tpos:99.2,Tstd:56.1,Bpos:102.1,Bstd:59.3,StrandBias:-0.0,Multiplicity:1.04
0.103	0.545	0.351	0.001
0.397	0.420	0.001	0.182
0.001	0.151	0.001	0.847
0.001	0.147	0.851	0.001
0.001	0.001	0.001	0.997
0.257	0.115	0.417	0.211
0.482	0.001	0.516	0.001
0.001	0.997	0.001	0.001
0.318	0.562	0.119	0.001
0.681	0.001	0.317	0.001
>CCACAAGGGG	15-CCACAAGGGG	7.375928	-339.742283	0	T:2969.0(4.43%),B:1772.0(2.67%),P:1e-147	Tpos:101.6,Tstd:57.6,Bpos:99.4,Bstd:56.6,StrandBias:0.0,Multiplicity:1.02
0.061	0.763	0.046	0.130
0.042	0.865	0.066	0.027
0.755	0.076	0.078	0.091
0.048	0.861	0.044	0.047
0.734	0.039	0.078	0.149
0.754	0.080	0.061	0.105
0.115	0.006	0.802	0.077
0.093	0.040	0.824	0.043
0.086	0.065	0.759	0.090
0.032	0.019	0.886	0.063
>KCTGATTGGC	16-KCTGATTGGC	6.029047	-319.743221	0	T:8554.0(12.76%),B:6485.8(9.76%),P:1e-138	Tpos:99.9,Tstd:55.3,Bpos:98.9,Bstd:58.7,StrandBias:0.0,Multiplicity:1.09
0.034	0.137	0.463	0.367
0.080	0.626	0.152	0.142
0.075	0.078	0.148	0.699
0.073	0.098	0.768	0.061
0.778	0.045	0.077	0.100
0.008	0.224	0.018	0.750
0.001	0.038	0.001	0.960
0.305	0.011	0.615	0.069
0.080	0.039	0.863	0.018
0.037	0.626	0.067	0.270
>GCAGGVAGGG	17-GCAGGVAGGG	5.620820	-318.434253	0	T:26268.0(39.17%),B:22950.0(34.53%),P:1e-138	Tpos:100.0,Tstd:55.2,Bpos:99.1,Bstd:57.8,StrandBias:0.0,Multiplicity:1.50
0.095	0.180	0.637	0.088
0.026	0.858	0.113	0.003
0.538	0.157	0.140	0.165
0.062	0.161	0.673	0.104
0.101	0.157	0.589	0.153
0.371	0.269	0.311	0.049
0.534	0.076	0.236	0.154
0.084	0.094	0.736	0.086
0.170	0.023	0.805	0.002
0.200	0.153	0.635	0.012
>GCCCCGCCCH	18-GCCCCGCCCH	7.900717	-309.835425	0	T:8714.0(13.00%),B:6655.8(10.01%),P:1e-134	Tpos:100.0,Tstd:55.8,Bpos:94.0,Bstd:57.0,StrandBias:0.0,Multiplicity:1.22
0.188	0.001	0.681	0.130
0.001	0.649	0.236	0.114
0.214	0.548	0.001	0.237
0.238	0.696	0.001	0.065
0.001	0.997	0.001	0.001
0.250	0.001	0.579	0.170
0.001	0.997	0.001	0.001
0.039	0.959	0.001	0.001
0.001	0.978	0.020	0.001
0.284	0.288	0.055	0.373
>DRTGACGTCA	19-DRTGACGTCA	7.936394	-270.933059	0	T:2367.0(3.53%),B:1411.0(2.12%),P:1e-117	Tpos:101.8,Tstd:55.5,Bpos:96.9,Bstd:57.9,StrandBias:-0.0,Multiplicity:1.02
0.277	0.022	0.414	0.288
0.339	0.134	0.419	0.108
0.001	0.001	0.001	0.997
0.051	0.001	0.947	0.001
0.997	0.001	0.001	0.001
0.001	0.590	0.160	0.249
0.254	0.123	0.622	0.001
0.053	0.127	0.074	0.746
0.259	0.690	0.050	0.001
0.970	0.001	0.001	0.028
>CATAAATCAT	20-CATAAATCAT	7.522765	-250.775527	0	T:2324.0(3.47%),B:1408.5(2.12%),P:1e-108	Tpos:101.2,Tstd:54.6,Bpos:96.9,Bstd:56.7,StrandBias:-0.1,Multiplicity:1.03
0.098	0.708	0.100	0.094
0.841	0.053	0.063	0.043
0.012	0.122	0.041	0.825
0.812	0.099	0.024	0.065
0.807	0.060	0.051	0.082
0.827	0.071	0.063	0.039
0.014	0.058	0.068	0.860
0.056	0.827	0.025	0.092
0.776	0.092	0.020	0.112
0.095	0.126	0.062	0.717
>AMAGSRAAGC	21-AMAGSRAAGC	5.745525	-228.284868	0	T:7078.0(10.56%),B:5463.7(8.22%),P:1e-99	Tpos:101.3,Tstd:56.1,Bpos:100.9,Bstd:61.3,StrandBias:0.0,Multiplicity:1.04
0.467	0.200	0.108	0.225
0.249	0.370	0.208	0.173
0.422	0.221	0.182	0.176
0.031	0.290	0.479	0.200
0.021	0.367	0.489	0.123
0.533	0.037	0.410	0.020
0.428	0.273	0.215	0.084
0.819	0.027	0.126	0.028
0.250	0.100	0.631	0.019
0.022	0.699	0.024	0.255
>CCATGGCAAC	22-CCATGGCAAC	7.775213	-211.824058	0	T:1542.0(2.30%),B:870.6(1.31%),P:1e-91	Tpos:99.4,Tstd:53.7,Bpos:95.5,Bstd:58.4,StrandBias:-0.0,Multiplicity:1.11
0.020	0.940	0.007	0.033
0.001	0.857	0.001	0.141
0.997	0.001	0.001	0.001
0.028	0.031	0.010	0.931
0.258	0.007	0.729	0.006
0.037	0.001	0.953	0.009
0.119	0.837	0.001	0.043
0.976	0.001	0.012	0.011
0.953	0.012	0.024	0.011
0.001	0.972	0.001	0.026
>GGAAATCCCC	23-GGAAATCCCC	9.206764	-203.732178	0	T:876.0(1.31%),B:407.6(0.61%),P:1e-88	Tpos:99.4,Tstd:54.3,Bpos:101.0,Bstd:58.3,StrandBias:0.0,Multiplicity:1.01
0.042	0.008	0.935	0.015
0.037	0.040	0.922	0.001
0.968	0.001	0.030	0.001
0.997	0.001	0.001	0.001
0.842	0.001	0.077	0.080
0.107	0.019	0.172	0.702
0.085	0.780	0.040	0.095
0.032	0.956	0.011	0.001
0.001	0.982	0.016	0.001
0.001	0.975	0.001	0.023
>ACAGGAAAGG	24-ACAGGAAAGG	8.630812	-98.104330	0	T:2055.0(3.06%),B:1486.1(2.24%),P:1e-42	Tpos:100.0,Tstd:55.8,Bpos:102.1,Bstd:59.5,StrandBias:-0.0,Multiplicity:1.02
0.921	0.001	0.077	0.001
0.001	0.997	0.001	0.001
0.572	0.183	0.244	0.001
0.001	0.315	0.683	0.001
0.151	0.164	0.684	0.001
0.773	0.077	0.149	0.001
0.629	0.169	0.201	0.001
0.958	0.040	0.001	0.001
0.133	0.001	0.865	0.001
0.001	0.001	0.911	0.087
>STATGACGCA	25-STATGACGCA	10.884680	-76.166947	0	T:59.0(0.09%),B:7.5(0.01%),P:1e-33	Tpos:95.8,Tstd:52.3,Bpos:9.0,Bstd:0.0,StrandBias:-0.6,Multiplicity:1.00
0.001	0.468	0.530	0.001
0.001	0.001	0.001	0.997
0.997	0.001	0.001	0.001
0.001	0.148	0.001	0.850
0.001	0.001	0.997	0.001
0.923	0.001	0.075	0.001
0.001	0.997	0.001	0.001
0.206	0.001	0.682	0.111
0.001	0.997	0.001	0.001
0.603	0.038	0.248	0.111
>AAAGAGGAAGTR	1-AAAGAGGAAGTR	5.404511	-7339.936092	0	T:23541.0(35.11%),B:10590.0(15.93%),P:1e-3187	Tpos:99.7,Tstd:53.8,Bpos:100.5,Bstd:60.3,StrandBias:-0.0,Multiplicity:1.23
0.645	0.071	0.135	0.149
0.709	0.054	0.155	0.082
0.692	0.001	0.157	0.150
0.148	0.313	0.538	0.001
0.952	0.001	0.046	0.001
0.001	0.001	0.997	0.001
0.001	0.001	0.997	0.001
0.997	0.001	0.001	0.001
0.997	0.001	0.001	0.001
0.239	0.092	0.668	0.001
0.001	0.262	0.001	0.736
0.301	0.103	0.383	0.213
>NMTGASTCABNN	2-NMTGASTCABNN	7.493124	-5539.039818	0	T:8485.0(12.65%),B:2164.5(3.26%),P:1e-2405	Tpos:100.7,Tstd:53.7,Bpos:98.8,Bstd:58.4,StrandBias:-0.0,Multiplicity:1.09
0.241	0.211	0.279	0.269
0.398	0.266	0.237	0.099
0.001	0.001	0.001	0.997
0.001	0.001	0.755	0.243
0.997	0.001	0.001	0.001
0.139	0.374	0.340	0.147
0.081	0.001	0.001	0.917
0.232	0.766	0.001	0.001
0.997	0.001	0.001	0.001
0.108	0.258	0.271	0.364
0.284	0.254	0.187	0.275
0.245	0.251	0.235	0.269
>HNNAAACCACAR	3-HNNAAACCACAR	5.914107	-2222.088850	0	T:7079.0(10.56%),B:2915.9(4.39%),P:1e-965	Tpos:100.3,Tstd:53.7,Bpos:100.9,Bstd:57.5,StrandBias:-0.0,Multiplicity:1.07
0.326	0.200	0.164	0.311
0.266	0.188	0.331	0.215
0.297	0.263	0.259	0.182
0.936	0.026	0.001	0.037
0.988	0.001	0.010	0.001
0.973	0.001	0.025	0.001
0.001	0.997	0.001	0.001
0.001	0.997	0.001	0.001
0.997	0.001	0.001	0.001
0.001	0.997	0.001	0.001
0.976	0.022	0.001	0.001
0.338	0.063	0.381	0.219
>AAAAGSAGAAGT	4-AAAAGSAGAAGT	9.412931	-1860.977480	0	T:4139.0(6.17%),B:1363.4(2.05%),P:1e-808	Tpos:99.4,Tstd:54.8,Bpos:100.9,Bstd:62.3,StrandBias:-0.0,Multiplicity:1.04
0.645	0.044	0.255	0.056
0.855	0.001	0.125	0.019
0.960	0.018	0.001	0.021
0.815	0.001	0.041	0.143
0.174	0.030	0.715	0.081
0.149	0.446	0.300	0.105
0.673	0.001	0.325	0.001
0.004	0.006	0.989	0.001
0.988	0.010	0.001	0.001
0.977	0.001	0.001	0.021
0.001	0.307	0.691	0.001
0.088	0.247	0.066	0.599
>GTTTCASTTCCC	5-GTTTCASTTCCC	6.875583	-1319.429173	0	T:2830.0(4.22%),B:904.6(1.36%),P:1e-573	Tpos:101.1,Tstd:54.6,Bpos:100.7,Bstd:59.6,StrandBias:-0.0,Multiplicity:1.03
0.001	0.211	0.787	0.001
0.001	0.001	0.001	0.997
0.001	0.001	0.001	0.997
0.001	0.001	0.001	0.997
0.001	0.997	0.001	0.001
0.997	0.001	0.001	0.001
0.001	0.563	0.432	0.004
0.001	0.001	0.001	0.997
0.001	0.001	0.001	0.997
0.001	0.836	0.001	0.162
0.001	0.609	0.001	0.389
0.091	0.550	0.091	0.268
>ATGCTTAGTCAT	6-ATGCTTAGTCAT	7.704747	-1245.761429	0	T:4041.0(6.03%),B:1657.2(2.49%),P:1e-541	Tpos:100.3,Tstd:55.8,Bpos:98.1,Bstd:57.3,StrandBias:0.1,Multiplicity:1.03
0.517	0.182	0.118	0.183
0.099	0.005	0.079	0.817
0.048	0.057	0.793	0.102
0.074	0.785	0.034	0.107
0.131	0.063	0.002	0.804
0.131	0.134	0.178	0.557
0.734	0.006	0.077	0.183
0.083	0.127	0.696	0.094
0.033	0.045	0.035	0.887
0.062	0.798	0.087	0.053
0.896	0.028	0.002	0.074
0.059	0.137	0.112	0.692
>AAACCACTTCCC	7-AAACCACTTCCC	7.525930	-960.560995	0	T:6398.0(9.54%),B:3554.9(5.35%),P:1e-417	Tpos:98.6,Tstd:55.9,Bpos:102.3,Bstd:59.3,StrandBias:0.0,Multiplicity:1.03
0.538	0.188	0.117	0.157
0.742	0.036	0.037	0.185
0.576	0.052	0.249	0.123
0.288	0.502	0.019	0.191
0.175	0.777	0.013	0.035
0.891	0.027	0.029	0.053
0.007	0.797	0.020	0.176
0.036	0.015	0.011	0.938
0.023	0.211	0.021	0.745
0.010	0.714	0.068	0.208
0.030	0.758	0.008	0.204
0.213	0.469	0.069	0.250
>WKATTGCACAAT	8-WKATTGCACAAT	6.548421	-853.971218	0	T:4427.0(6.60%),B:2237.1(3.37%),P:1e-370	Tpos:98.1,Tstd:54.7,Bpos:100.1,Bstd:58.4,StrandBias:-0.0,Multiplicity:1.08
0.379	0.175	0.064	0.382
0.228	0.060	0.328	0.384
0.545	0.071	0.382	0.002
0.001	0.001	0.001	0.997
0.001	0.001	0.001	0.997
0.038	0.001	0.644	0.317
0.001	0.997	0.001	0.001
0.942	0.001	0.001	0.056
0.177	0.667	0.007	0.149
0.997	0.001	0.001	0.001
0.997	0.001	0.001	0.001
0.005	0.311	0.047	0.637
>CCACYAGRKGGC	9-CCACYAGRKGGC	10.256040	-755.281160	0	T:1109.0(1.65%),B:262.0(0.39%),P:1e-328	Tpos:101.1,Tstd:60.3,Bpos:101.9,Bstd:56.8,StrandBias:0.0,Multiplicity:1.01
0.069	0.837	0.024	0.070
0.001	0.997	0.001	0.001
0.909	0.001	0.001	0.089
0.001	0.698	0.300	0.001
0.063	0.529	0.016	0.392
0.963	0.001	0.001	0.035
0.024	0.001	0.937	0.038
0.540	0.008	0.451	0.001
0.015	0.001	0.536	0.448
0.001	0.001	0.997	0.001
0.001	0.020	0.864	0.115
0.226	0.580	0.001	0.193
>TCTTCCTCWTTT	10-TCTTCCTCWTTT	9.841502	-675.854435	0	T:2395.0(3.57%),B:1020.0(1.53%),P:1e-293	Tpos:99.8,Tstd:54.4,Bpos:100.0,Bstd:59.4,StrandBias:0.1,Multiplicity:1.02
0.001	0.311	0.001	0.687
0.031	0.600	0.286	0.083
0.001	0.001	0.001	0.997
0.001	0.001	0.001	0.997
0.001	0.997	0.001	0.001
0.018	0.980	0.001	0.001
0.001	0.228	0.001	0.770
0.048	0.686	0.176	0.090
0.364	0.141	0.001	0.494
0.186	0.001	0.001	0.812
0.117	0.001	0.057	0.825
0.146	0.201	0.048	0.605
>CAGCTGTTTCCT	11-CAGCTGTTTCCT	12.254691	-637.312951	0	T:436.0(0.65%),B:41.6(0.06%),P:1e-276	Tpos:97.9,Tstd:55.2,Bpos:98.7,Bstd:57.3,StrandBias:-0.0,Multiplicity:1.01
0.034	0.964	0.001	0.001
0.988	0.001	0.001	0.010
0.001	0.055	0.765	0.179
0.113	0.804	0.079	0.004
0.003	0.001	0.001	0.995
0.012	0.001	0.979	0.008
0.012	0.056	0.006	0.926
0.028	0.003	0.003	0.966
0.001	0.005	0.006	0.988
0.007	0.991	0.001	0.001
0.001	0.993	0.001	0.005
0.014	0.104	0.012	0.870
>GCCTGTGACTAA	12-GCCTGTGACTAA	5.119308	-551.982304	0	T:12535.0(18.69%),B:9349.3(14.07%),P:1e-239	Tpos:99.6,Tstd:55.6,Bpos:101.3,Bstd:58.4,StrandBias:0.0,Multiplicity:1.09
0.017	0.256	0.601	0.126
0.074	0.707	0.057	0.162
0.092	0.869	0.033	0.006
0.013	0.001	0.002	0.984
0.001	0.037	0.961	0.001
0.006	0.001	0.024	0.969
0.001	0.026	0.947	0.026
0.799	0.006	0.194	0.001
0.056	0.857	0.068	0.019
0.083	0.136	0.002	0.779
0.616	0.027	0.267	0.090
0.775	0.042	0.141	0.042
>CMGGAAACAGCT	13-CMGGAAACAGCT	8.421495	-473.265962	0	T:4038.0(6.02%),B:2400.9(3.61%),P:1e-205	Tpos:101.1,Tstd:54.4,Bpos:102.6,Bstd:60.5,StrandBias:-0.0,Multiplicity:1.02
0.183	0.536	0.142	0.139
0.462	0.356	0.038	0.144
0.373	0.001	0.529	0.097
0.023	0.058	0.918	0.001
0.877	0.033	0.089	0.001
0.813	0.056	0.130	0.001
0.652	0.045	0.300	0.003
0.038	0.897	0.051	0.014
0.872	0.001	0.002	0.125
0.001	0.037	0.961	0.001
0.107	0.837	0.037	0.019
0.221	0.239	0.003	0.537
>ACAGGATGTGRN	14-ACAGGATGTGRN	7.286448	-408.438784	0	T:2834.0(4.23%),B:1578.4(2.37%),P:1e-177	Tpos:99.8,Tstd:54.1,Bpos:97.9,Bstd:58.5,StrandBias:0.0,Multiplicity:1.02
0.435	0.118	0.224	0.223
0.078	0.793	0.085	0.044
0.922	0.064	0.013	0.001
0.001	0.012	0.982	0.005
0.050	0.021	0.872	0.057
0.995	0.001	0.001	0.003
0.001	0.014	0.001	0.984
0.053	0.001	0.945	0.001
0.001	0.009	0.001	0.989
0.030	0.045	0.924	0.001
0.291	0.126	0.432	0.151
0.181	0.274	0.272	0.273
>ACTTTCRGTTTC	15-ACTTTCRGTTTC	9.440791	-358.807765	0	T:1345.0(2.01%),B:587.7(0.88%),P:1e-155	Tpos:101.0,Tstd:55.4,Bpos:106.4,Bstd:60.3,StrandBias:0.2,Multiplicity:1.01
0.684	0.066	0.146	0.104
0.057	0.661	0.161	0.121
0.072	0.061	0.010	0.857
0.029	0.055	0.067	0.849
0.029	0.085	0.055	0.831
0.095	0.544	0.138	0.223
0.261	0.076	0.411	0.252
0.065	0.112	0.632	0.191
0.024	0.044	0.015	0.917
0.032	0.051	0.024	0.893
0.044	0.060	0.024	0.872
0.063	0.712	0.066	0.159
>TCTGACCACAGA	16-TCTGACCACAGA	8.034167	-338.639317	0	T:4471.0(6.67%),B:2965.4(4.46%),P:1e-147	Tpos:100.8,Tstd:53.9,Bpos:100.7,Bstd:56.7,StrandBias:-0.0,Multiplicity:1.04
0.120	0.255	0.150	0.476
0.073	0.609	0.159	0.159
0.020	0.007	0.001	0.972
0.001	0.318	0.496	0.185
0.598	0.172	0.093	0.137
0.019	0.731	0.241	0.009
0.022	0.976	0.001	0.001
0.907	0.088	0.004	0.001
0.026	0.942	0.031	0.001
0.985	0.003	0.001	0.011
0.247	0.203	0.490	0.061
0.420	0.250	0.099	0.231
>AATGWTGCAACA	17-AATGWTGCAACA	7.983974	-303.469012	0	T:2198.0(3.28%),B:1239.1(1.86%),P:1e-131	Tpos:100.9,Tstd:54.6,Bpos:100.9,Bstd:56.8,StrandBias:0.0,Multiplicity:1.03
0.420	0.156	0.262	0.162
0.517	0.234	0.200	0.049
0.011	0.010	0.025	0.954
0.176	0.078	0.738	0.008
0.429	0.015	0.011	0.545
0.051	0.002	0.259	0.688
0.019	0.011	0.835	0.135
0.082	0.800	0.006	0.112
0.800	0.192	0.002	0.006
0.901	0.007	0.077	0.015
0.009	0.594	0.087	0.310
0.722	0.238	0.021	0.019
>GGCAGSCTGCCA	18-GGCAGSCTGCCA	8.725385	-265.215724	0	T:2212.0(3.30%),B:1301.1(1.96%),P:1e-115	Tpos:98.4,Tstd:54.0,Bpos:101.2,Bstd:57.7,StrandBias:-0.0,Multiplicity:1.02
0.010	0.003	0.981	0.006
0.021	0.096	0.815	0.068
0.267	0.702	0.001	0.030
0.541	0.140	0.029	0.290
0.069	0.235	0.535	0.161
0.153	0.295	0.369	0.183
0.172	0.732	0.065	0.031
0.389	0.025	0.001	0.585
0.001	0.007	0.989	0.003
0.003	0.927	0.005	0.065
0.035	0.963	0.001	0.001
0.781	0.001	0.013	0.205
>GTTGCCATGGCA	19-GTTGCCATGGCA	7.027867	-251.865681	0	T:2685.0(4.00%),B:1688.8(2.54%),P:1e-109	Tpos:100.2,Tstd:54.0,Bpos:98.6,Bstd:58.8,StrandBias:0.1,Multiplicity:1.04
0.116	0.001	0.882	0.001
0.018	0.001	0.001	0.980
0.001	0.064	0.001	0.934
0.101	0.001	0.649	0.249
0.001	0.997	0.001	0.001
0.001	0.744	0.001	0.254
0.908	0.013	0.019	0.060
0.112	0.001	0.133	0.754
0.192	0.001	0.806	0.001
0.197	0.001	0.801	0.001
0.225	0.528	0.121	0.126
0.891	0.001	0.107	0.001
>GCCCCKCCCYCY	20-GCCCCKCCCYCY	8.074951	-247.684940	0	T:11372.0(16.96%),B:9255.8(13.92%),P:1e-107	Tpos:99.2,Tstd:54.8,Bpos:94.9,Bstd:54.7,StrandBias:-0.0,Multiplicity:1.39
0.165	0.094	0.543	0.198
0.001	0.883	0.115	0.001
0.001	0.779	0.018	0.202
0.067	0.925	0.005	0.003
0.019	0.922	0.001	0.058
0.249	0.001	0.413	0.338
0.001	0.997	0.001	0.001
0.001	0.997	0.001	0.001
0.001	0.781	0.001	0.217
0.199	0.352	0.115	0.334
0.001	0.492	0.188	0.319
0.143	0.354	0.163	0.341
>CGGTGACGTCAC	21-CGGTGACGTCAC	3.137491	-241.929947	0	T:4471.0(6.67%),B:3170.4(4.77%),P:1e-105	Tpos:101.1,Tstd:55.2,Bpos:97.4,Bstd:59.4,StrandBias:-0.0,Multiplicity:1.04
0.184	0.421	0.213	0.182
0.202	0.186	0.440	0.172
0.182	0.079	0.558	0.181
0.001	0.053	0.001	0.945
0.001	0.001	0.968	0.030
0.997	0.001	0.001	0.001
0.001	0.997	0.001	0.001
0.001	0.001	0.997	0.001
0.001	0.001	0.001	0.997
0.047	0.919	0.003	0.031
0.748	0.051	0.111	0.090
0.044	0.495	0.306	0.154
>ATGATTTATGAC	22-ATGATTTATGAC	8.287641	-229.827276	0	T:1540.0(2.30%),B:846.3(1.27%),P:1e-99	Tpos:101.0,Tstd:53.6,Bpos:100.9,Bstd:56.4,StrandBias:0.0,Multiplicity:1.03
0.836	0.032	0.044	0.088
0.124	0.005	0.069	0.802
0.052	0.025	0.815	0.108
0.904	0.026	0.024	0.046
0.046	0.029	0.024	0.901
0.022	0.024	0.029	0.925
0.080	0.021	0.023	0.876
0.832	0.041	0.083	0.044
0.034	0.015	0.011	0.940
0.045	0.057	0.712	0.186
0.749	0.038	0.093	0.120
0.101	0.709	0.076	0.114
>YGGGRMTTTCCC	23-YGGGRMTTTCCC	7.965612	-168.018063	0	T:3747.0(5.59%),B:2741.5(4.12%),P:1e-72	Tpos:100.9,Tstd:54.7,Bpos:99.4,Bstd:57.3,StrandBias:0.0,Multiplicity:1.04
0.205	0.368	0.182	0.245
0.201	0.030	0.493	0.276
0.001	0.001	0.988	0.010
0.001	0.005	0.993	0.001
0.372	0.140	0.473	0.015
0.361	0.392	0.200	0.047
0.212	0.252	0.133	0.403
0.001	0.165	0.223	0.611
0.001	0.284	0.031	0.684
0.001	0.812	0.020	0.167
0.001	0.956	0.001	0.042
0.097	0.829	0.001	0.073
>ATGCATTACTCA	24-ATGCATTACTCA	9.321060	-143.674819	0	T:626.0(0.93%),B:293.2(0.44%),P:1e-62	Tpos:100.5,Tstd:55.6,Bpos:103.9,Bstd:59.4,StrandBias:-0.1,Multiplicity:1.02
0.752	0.123	0.034	0.091
0.100	0.029	0.055	0.816
0.038	0.023	0.852	0.087
0.028	0.862	0.030	0.080
0.837	0.080	0.017	0.066
0.047	0.026	0.036	0.891
0.054	0.056	0.029	0.861
0.643	0.065	0.087	0.205
0.091	0.791	0.078	0.040
0.041	0.036	0.010	0.913
0.037	0.840	0.029	0.094
0.943	0.013	0.005	0.039
>CTTATCTTATCG	25-CTTATCTTATCG	8.463612	-90.209738	0	T:600.0(0.89%),B:330.2(0.50%),P:1e-39	Tpos:99.1,Tstd:54.3,Bpos:102.2,Bstd:56.1,StrandBias:-0.0,Multiplicity:1.00
0.100	0.700	0.100	0.100
0.100	0.100	0.100	0.700
0.100	0.100	0.100	0.700
0.700	0.100	0.100	0.100
0.100	0.100	0.100	0.700
0.100	0.700	0.100	0.100
0.100	0.100	0.100	0.700
0.100	0.100	0.100	0.700
0.700	0.100	0.100	0.100
0.100	0.100	0.100	0.700
0.100	0.700	0.100	0.100
0.100	0.100	0.700	0.100
>SAGGAAGT	1-SAGGAAGT	6.679777	-6434.269206	0	T:26019.0(38.80%),B:13145.6(19.78%),P:1e-2794	Tpos:100.0,Tstd:54.9,Bpos:100.4,Bstd:61.6,StrandBias:-0.0,Multiplicity:1.25
0.224	0.427	0.321	0.028
0.705	0.073	0.201	0.021
0.060	0.001	0.934	0.005
0.023	0.001	0.974	0.002
0.992	0.001	0.001	0.006
0.935	0.005	0.001	0.059
0.346	0.143	0.510	0.001
0.019	0.303	0.051	0.627
>SACTTCCK	2-SACTTCCK	4.003483	-5420.967076	0	T:31270.0(46.63%),B:18420.6(27.71%),P:1e-2354	Tpos:100.0,Tstd:56.2,Bpos:98.7,Bstd:61.2,StrandBias:-0.0,Multiplicity:1.09
0.228	0.400	0.336	0.036
0.759	0.001	0.239	0.001
0.001	0.479	0.220	0.300
0.001	0.001	0.001	0.997
0.001	0.001	0.001	0.997
0.001	0.997	0.001	0.001
0.001	0.997	0.001	0.001
0.001	0.001	0.447	0.551
>ATGACTCA	3-ATGACTCA	6.468494	-5014.466214	0	T:10262.0(15.30%),B:3301.8(4.97%),P:1e-2177	Tpos:100.4,Tstd:54.9,Bpos:98.6,Bstd:59.9,StrandBias:0.0,Multiplicity:1.11
0.680	0.119	0.178	0.023
0.001	0.001	0.001	0.997
0.001	0.001	0.975	0.023
0.997	0.001	0.001	0.001
0.048	0.688	0.211	0.053
0.015	0.001	0.004	0.980
0.056	0.942	0.001	0.001
0.996	0.001	0.002	0.001
>TKAGTCAY	4-TKAGTCAY	5.970809	-3586.724961	0	T:19521.0(29.11%),B:10672.6(16.06%),P:1e-1557	Tpos:99.9,Tstd:56.1,Bpos:99.6,Bstd:59.6,StrandBias:-0.0,Multiplicity:1.12
0.136	0.196	0.001	0.667
0.108	0.059	0.481	0.351
0.683	0.183	0.001	0.133
0.192	0.001	0.806	0.001
0.001	0.001	0.001	0.997
0.304	0.694	0.001	0.001
0.997	0.001	0.001	0.001
0.001	0.358	0.206	0.434
>TGTGGTTT	5-TGTGGTTT	6.927210	-2402.849714	0	T:12040.0(17.96%),B:6187.1(9.31%),P:1e-1043	Tpos:100.1,Tstd:54.9,Bpos:101.1,Bstd:59.0,StrandBias:0.0,Multiplicity:1.13
0.116	0.053	0.055	0.776
0.009	0.043	0.947	0.001
0.037	0.119	0.001	0.843
0.012	0.048	0.914	0.026
0.114	0.001	0.884	0.001
0.001	0.300	0.087	0.612
0.120	0.179	0.001	0.700
0.322	0.010	0.154	0.514
>TTCCSSTT	6-TTCCSSTT	5.041040	-2225.462044	0	T:26186.0(39.05%),B:18061.8(27.17%),P:1e-966	Tpos:100.0,Tstd:55.9,Bpos:100.1,Bstd:61.5,StrandBias:0.0,Multiplicity:1.28
0.014	0.072	0.056	0.858
0.077	0.098	0.147	0.678
0.136	0.513	0.052	0.299
0.001	0.780	0.035	0.184
0.196	0.292	0.405	0.107
0.011	0.426	0.298	0.265
0.249	0.136	0.071	0.544
0.146	0.122	0.108	0.624
>CATCCTGT	7-CATCCTGT	6.611457	-2153.630827	0	T:11145.0(16.62%),B:5775.7(8.69%),P:1e-935	Tpos:100.2,Tstd:55.1,Bpos:100.4,Bstd:60.6,StrandBias:0.0,Multiplicity:1.06
0.001	0.876	0.001	0.122
0.648	0.001	0.001	0.350
0.001	0.001	0.001	0.997
0.001	0.997	0.001	0.001
0.001	0.997	0.001	0.001
0.001	0.001	0.347	0.651
0.001	0.001	0.997	0.001
0.001	0.223	0.001	0.775
>GYWACCAS	8-GYWACCAS	4.401423	-1063.105233	0	T:23977.0(35.76%),B:18348.9(27.60%),P:1e-461	Tpos:99.6,Tstd:56.0,Bpos:100.5,Bstd:59.0,StrandBias:-0.0,Multiplicity:1.23
0.134	0.181	0.488	0.197
0.125	0.359	0.053	0.463
0.391	0.132	0.056	0.421
0.551	0.073	0.375	0.001
0.114	0.554	0.040	0.292
0.135	0.716	0.124	0.025
0.626	0.001	0.253	0.120
0.234	0.392	0.296	0.078
>TTACCACA	9-TTACCACA	4.416999	-1033.705436	0	T:26969.0(40.22%),B:21199.8(31.89%),P:1e-448	Tpos:100.2,Tstd:56.2,Bpos:100.4,Bstd:59.2,StrandBias:0.0,Multiplicity:1.15
0.085	0.116	0.107	0.692
0.264	0.038	0.137	0.561
0.494	0.088	0.265	0.153
0.027	0.741	0.089	0.143
0.167	0.579	0.218	0.036
0.590	0.165	0.077	0.168
0.149	0.654	0.079	0.118
0.548	0.036	0.212	0.204
>GCKGTTTW	10-GCKGTTTW	4.217223	-947.416490	0	T:38655.0(57.65%),B:32755.8(49.28%),P:1e-411	Tpos:99.9,Tstd:56.1,Bpos:100.7,Bstd:61.3,StrandBias:0.0,Multiplicity:1.40
0.141	0.059	0.759	0.041
0.094	0.785	0.013	0.108
0.175	0.142	0.312	0.372
0.079	0.082	0.812	0.027
0.281	0.129	0.041	0.549
0.007	0.152	0.031	0.810
0.302	0.006	0.109	0.583
0.362	0.206	0.142	0.290
>TCTTATCT	11-TCTTATCT	5.733303	-875.750891	0	T:5080.0(7.58%),B:2681.5(4.03%),P:1e-380	Tpos:99.8,Tstd:54.3,Bpos:101.4,Bstd:59.1,StrandBias:0.0,Multiplicity:1.06
0.001	0.186	0.243	0.570
0.001	0.919	0.079	0.001
0.001	0.001	0.001	0.997
0.001	0.001	0.001	0.997
0.997	0.001	0.001	0.001
0.001	0.001	0.001	0.997
0.001	0.997	0.001	0.001
0.090	0.001	0.028	0.881
>MTCTGRCD	12-MTCTGRCD	5.232292	-870.219459	0	T:29794.0(44.43%),B:24325.0(36.59%),P:1e-377	Tpos:99.4,Tstd:56.5,Bpos:99.7,Bstd:60.3,StrandBias:-0.0,Multiplicity:1.16
0.452	0.307	0.045	0.196
0.050	0.078	0.301	0.571
0.086	0.574	0.281	0.059
0.001	0.033	0.005	0.961
0.001	0.125	0.873	0.001
0.429	0.001	0.531	0.039
0.026	0.747	0.001	0.226
0.329	0.129	0.282	0.260
>TTGCAYAA	13-TTGCAYAA	5.623215	-669.482059	0	T:11461.0(17.09%),B:8136.3(12.24%),P:1e-290	Tpos:99.8,Tstd:55.4,Bpos:100.3,Bstd:59.6,StrandBias:0.0,Multiplicity:1.15
0.001	0.001	0.001	0.997
0.017	0.001	0.009	0.973
0.041	0.001	0.908	0.050
0.001	0.997	0.001	0.001
0.850	0.056	0.054	0.040
0.098	0.373	0.034	0.495
0.917	0.061	0.021	0.001
0.991	0.007	0.001	0.001
>SAYGTCAC	14-SAYGTCAC	5.260131	-566.612282	0	T:13849.0(20.65%),B:10472.7(15.76%),P:1e-246	Tpos:100.1,Tstd:56.2,Bpos:99.5,Bstd:59.3,StrandBias:0.0,Multiplicity:1.12
0.134	0.279	0.396	0.191
0.542	0.110	0.127	0.221
0.117	0.468	0.082	0.332
0.191	0.021	0.787	0.001
0.001	0.001	0.001	0.997
0.134	0.474	0.308	0.083
0.905	0.001	0.093	0.001
0.001	0.557	0.169	0.273
>GCTGSCAG	15-GCTGSCAG	6.996487	-353.505061	0	T:11031.0(16.45%),B:8578.7(12.91%),P:1e-153	Tpos:101.1,Tstd:56.3,Bpos:99.4,Bstd:59.9,StrandBias:0.0,Multiplicity:1.08
0.243	0.107	0.410	0.240
0.001	0.911	0.059	0.029
0.001	0.062	0.001	0.936
0.001	0.001	0.997	0.001
0.117	0.425	0.457	0.001
0.001	0.997	0.001	0.001
0.807	0.001	0.001	0.191
0.239	0.071	0.649	0.041
>TTCCTCAT	16-TTCCTCAT	8.236954	-312.695512	0	T:1795.0(2.68%),B:935.9(1.41%),P:1e-135	Tpos:101.7,Tstd:56.2,Bpos:100.3,Bstd:64.8,StrandBias:0.1,Multiplicity:1.02
0.100	0.100	0.100	0.700
0.100	0.100	0.100	0.700
0.100	0.700	0.100	0.100
0.100	0.700	0.100	0.100
0.100	0.100	0.100	0.700
0.100	0.700	0.100	0.100
0.700	0.100	0.100	0.100
0.100	0.100	0.100	0.700
>MTCTGCGG	17-MTCTGCGG	5.723121	-306.948371	0	T:13019.0(19.42%),B:10533.2(15.85%),P:1e-133	Tpos:99.6,Tstd:56.5,Bpos:101.3,Bstd:61.4,StrandBias:-0.0,Multiplicity:1.12
0.383	0.427	0.148	0.043
0.001	0.049	0.356	0.594
0.001	0.738	0.034	0.227
0.066	0.105	0.001	0.828
0.001	0.269	0.729	0.001
0.203	0.540	0.050	0.207
0.110	0.253	0.507	0.130
0.342	0.001	0.656	0.001
>AGGATGTG	18-AGGATGTG	8.351997	-293.505050	0	T:2437.0(3.63%),B:1432.1(2.15%),P:1e-127	Tpos:97.7,Tstd:56.6,Bpos:99.0,Bstd:57.4,StrandBias:0.0,Multiplicity:1.01
0.917	0.081	0.001	0.001
0.001	0.001	0.997	0.001
0.001	0.001	0.997	0.001
0.813	0.001	0.185	0.001
0.001	0.001	0.001	0.997
0.001	0.001	0.997	0.001
0.001	0.001	0.001	0.997
0.001	0.001	0.997	0.001
>AGAGGGCG	19-AGAGGGCG	5.715180	-226.951165	0	T:14609.0(21.79%),B:12330.2(18.55%),P:1e-98	Tpos:100.0,Tstd:56.7,Bpos:100.2,Bstd:58.6,StrandBias:-0.0,Multiplicity:1.19
0.929	0.025	0.045	0.001
0.042	0.001	0.940	0.017
0.863	0.001	0.118	0.018
0.017	0.001	0.906	0.076
0.035	0.034	0.914	0.017
0.001	0.020	0.978	0.001
0.034	0.895	0.001	0.070
0.197	0.032	0.739	0.032
>GGAGGGGC	20-GGAGGGGC	7.398483	-214.108555	0	T:9945.0(14.83%),B:8087.4(12.17%),P:1e-92	Tpos:99.0,Tstd:56.1,Bpos:96.3,Bstd:56.6,StrandBias:0.0,Multiplicity:1.35
0.001	0.046	0.952	0.001
0.001	0.001	0.997	0.001
0.590	0.312	0.001	0.097
0.017	0.001	0.981	0.001
0.026	0.017	0.939	0.018
0.045	0.042	0.896	0.017
0.017	0.019	0.963	0.001
0.128	0.815	0.001	0.056
>ACTTCTCT	21-ACTTCTCT	8.199297	-195.338184	0	T:3371.0(5.03%),B:2356.8(3.55%),P:1e-84	Tpos:99.9,Tstd:56.2,Bpos:99.3,Bstd:63.3,StrandBias:0.1,Multiplicity:1.02
0.997	0.001	0.001	0.001
0.001	0.997	0.001	0.001
0.001	0.001	0.001	0.997
0.001	0.001	0.001	0.997
0.133	0.865	0.001	0.001
0.001	0.001	0.036	0.962
0.001	0.896	0.102	0.001
0.001	0.336	0.001	0.662
>ATTTCGCA	22-ATTTCGCA	6.301606	-186.315892	0	T:4575.0(6.82%),B:3402.2(5.12%),P:1e-80	Tpos:99.1,Tstd:56.6,Bpos:101.2,Bstd:59.4,StrandBias:0.0,Multiplicity:1.03
0.896	0.053	0.050	0.001
0.046	0.001	0.001	0.952
0.001	0.001	0.024	0.974
0.001	0.001	0.130	0.868
0.021	0.930	0.048	0.001
0.001	0.074	0.694	0.231
0.170	0.782	0.001	0.047
0.928	0.018	0.053	0.001
>CGATTGGC	23-CGATTGGC	7.084925	-163.944068	0	T:2646.0(3.95%),B:1824.7(2.75%),P:1e-71	Tpos:99.7,Tstd:56.0,Bpos:93.0,Bstd:57.0,StrandBias:0.0,Multiplicity:1.06
0.024	0.511	0.120	0.345
0.053	0.068	0.861	0.018
0.997	0.001	0.001	0.001
0.001	0.001	0.001	0.997
0.020	0.010	0.001	0.969
0.020	0.001	0.978	0.001
0.001	0.012	0.986	0.001
0.052	0.836	0.073	0.039
>CATAAATC	24-CATAAATC	8.505372	-121.680591	0	T:612.0(0.91%),B:304.5(0.46%),P:1e-52	Tpos:101.2,Tstd:54.7,Bpos:98.0,Bstd:57.7,StrandBias:-0.1,Multiplicity:1.01
0.001	0.997	0.001	0.001
0.921	0.001	0.077	0.001
0.001	0.001	0.001	0.997
0.997	0.001	0.001	0.001
0.997	0.001	0.001	0.001
0.997	0.001	0.001	0.001
0.001	0.001	0.001	0.997
0.001	0.997	0.001	0.001
>TTCGCACG	25-TTCGCACG	5.567402	-73.982949	0	T:8036.0(11.98%),B:7011.4(10.55%),P:1e-32	Tpos:100.5,Tstd:56.1,Bpos:99.7,Bstd:59.2,StrandBias:-0.0,Multiplicity:1.10
0.055	0.320	0.025	0.600
0.132	0.064	0.001	0.803
0.002	0.608	0.389	0.001
0.132	0.089	0.724	0.055
0.028	0.810	0.081	0.081
0.573	0.001	0.050	0.376
0.084	0.819	0.039	0.058
0.021	0.222	0.755	0.002
